 <pre>

 Contingency table for Rh2m (%)
 Selection: METCOOP    515 stations
Period: 20220701-20220717
Used {00,06,12,18} + 03 06 ... 48
 Limits    30.000000000000000        50.000000000000000        65.000000000000000        75.000000000000000        85.000000000000000        95.000000000000000        100.00000000000000     
 Each class is data <= limit, the very last > last limit
 Total number of values      525514
                                              OBSERVATION
                                    190      652       20        2        1        0        0        0 |       865
                                    798    24345     9599     1324      456      239       53        0 |     36814
                                    135    17034    45937    18237     7113     2641      520        0 |     91617
              43h22_ref_summer       23     2595    24184    34384    23662     8994     1724        0 |     95566
                                      2      816     9257    26542    44342    29105     6344        0 |    116408
                                      1      391     3876    11211    32741    53432    21555        0 |    123207
                                      0       50      627     1942     7897    24393    24250        0 |     59159
                                      0        0        5       28      197      466     1182        0 |      1878

                    SUM            1149    45883    93505    93670   116409   119270    55628        0 |    525514
                                              OBSERVATION
                                    202      606       24        1        0        1        0        0 |       834
                                    792    25431    10660     1432      512      198       39        0 |     39064
                                    138    16334    47062    19217     7114     2691      491        0 |     93047
             val46h1rc1_summer       10     2297    23428    35523    25089     9575     1853        0 |     97775
                                      4      764     8160    25484    45185    29948     6555        0 |    116100
                                      3      385     3561    10243    31185    53652    21881        0 |    120910
                                      0       66      607     1740     7164    22747    23816        0 |     56140
                                      0        0        3       30      160      458      993        0 |      1644

                    SUM            1149    45883    93505    93670   116409   119270    55628        0 |    525514

