 <pre>

 Contingency table for Visibility (m)
 Selection: Estonia     22 stations
Period: 20220701-20220710
Used {00,06,12,18} + 03 06 ... 48
 Limits    1000.0000000000000        5000.0000000000000        10000.000000000000        20000.000000000000     
 Each class is data <= limit, the very last > last limit
 Total number of values       12900
                                     OBSERVATION
                                      4        0        0        7        1 |        12
                                     87       53       52      553      241 |       986
              43h22_ref_summer       31       39       37      738      555 |      1400
                                      4       35       47     1617     1746 |      3449
                                     15       16       70     2903     4049 |      7053

                    SUM             141      143      206     5818     6592 |     12900
                                     OBSERVATION
                                      5        0        1        5        2 |        13
                                     86       60       52      545      204 |       947
             val46h1rc1_summer       29       26       41      715      547 |      1358
                                      7       42       43     1653     1736 |      3481
                                     14       15       69     2900     4103 |      7101

                    SUM             141      143      206     5818     6592 |     12900

