 <pre>

 Contingency table for Cloud base (m)
 Selection: Sweden    123 stations
Period: 20220701-20220731
Used {00,06,12,18} + 03 06 ... 48
 Limits    70.000000000000000        150.00000000000000        300.00000000000000        600.00000000000000        1000.0000000000000        1500.0000000000000        2500.0000000000000        5000.0000000000000     
 Each class is data <= limit, the very last > last limit
 Total number of values      108909
                                                       OBSERVATION
                                    131      271      214       63       48       23       20       22        0 |       792
                                     82      344      391      180       58       31       29       29        2 |      1146
                                    118      588     1275      789      219      122      115       68        5 |      3299
                                     99      443     1870     3295     1413      562      577      276       36 |      8571
              43h22_ref_summer       64      186      860     2534     4124     2551     1540      637      120 |     12616
                                     70      123      462     1004     2150     6600     4467     1534      250 |     16660
                                    131      152      479      877     1176     3361     8752     4061      542 |     19531
                                    128      139      375      693      693     1203     2785     4896      535 |     11447
                                    515      445      782     1896     2859     5414     9243     9735     3958 |     34847

                    SUM            1338     2691     6708    11331    12740    19867    27528    21258     5448 |    108909
                                                       OBSERVATION
                                    112      188      165       56       39       13       13       17        5 |       608
                                     91      353      343      151       55       28       25       19        1 |      1066
                                    122      607     1128      633      192       88       98       54        4 |      2926
                                     75      387     1694     2624     1003      444      411      184       12 |      6834
          val46h1rc1_summer_v1       60      182      810     2371     3134     1563      970      442       73 |      9605
                                     63      140      531     1132     2258     5402     3037      953      177 |     13693
                                    101      152      484      883     1214     3725     7501     3269      394 |     17723
                                     94      150      394      690      696     1231     2677     3691      359 |      9982
                                    620      532     1159     2791     4149     7373    12796    12629     4423 |     46472

                    SUM            1338     2691     6708    11331    12740    19867    27528    21258     5448 |    108909
                                                       OBSERVATION
                                    131      253      219       58       46       22       10       20        6 |       765
                                    105      389      421      196       86       43       34       26        1 |      1301
                                    124      609     1339      849      230      123      141       91        4 |      3510
                                     84      411     1857     3347     1610      678      628      314       46 |      8975
          val46h1rc1_summer_v2       59      195      843     2463     4155     2840     1658      707      120 |     13040
                                     84      118      416      987     2086     6501     4697     1642      271 |     16802
                                    124      148      468      880     1118     3243     8733     4206      517 |     19437
                                    117      150      361      664      669     1180     2744     4942      533 |     11360
                                    510      418      784     1887     2740     5237     8883     9310     3950 |     33719

                    SUM            1338     2691     6708    11331    12740    19867    27528    21258     5448 |    108909

