 <pre>

 Contingency table for Low clouds (octas)
 Selection: Finland     69 stations
Period: 20220701-20220731
Used {00,06,12,18} + 03 06 ... 48
 Limits    1.0000000000000000        2.0000000000000000        3.0000000000000000        4.0000000000000000        5.0000000000000000        6.0000000000000000        7.0000000000000000     
 Each class is data <= limit, the very last > last limit
 Total number of values      124438
                                              OBSERVATION
                                  41804     1185     1643      766     1123      522     2088     1452 |     50583
                                   4564      295      500      204      402      175      724      560 |      7424
                                   3270      239      429      173      334      160      664      529 |      5798
              43h22_ref_summer     2832      229      408      162      336      168      708      505 |      5348
                                   2768      245      432      203      422      189      827      552 |      5638
                                   2798      286      492      198      431      207     1057      666 |      6135
                                   3278      317      643      279      673      335     1571     1089 |      8185
                                   8537      971     2064      805     2381     1151     8711    10707 |     35327

                    SUM           69851     3767     6611     2790     6102     2907    16350    16060 |    124438
                                              OBSERVATION
                                  54650     2126     3234     1426     2502     1170     5039     3720 |     73867
                                   1691      179      306      140      273      153      664      473 |      3879
                                   1110      126      217      109      188      107      470      345 |      2672
             val46h1rc1_summer      955      122      196       70      202       93      415      275 |      2328
                                    908      100      197       77      181       98      447      249 |      2257
                                   1152       99      224       85      225       89      501      340 |      2715
                                   1708      172      347      130      325      167      871      591 |      4311
                                   7677      843     1890      753     2206     1030     7943    10067 |     32409

                    SUM           69851     3767     6611     2790     6102     2907    16350    16060 |    124438

