 <pre>

 Contingency table for Rh2m (%)
 Selection: METCOOP    522 stations
Period: 20220701-20220731
Used {00,06,12,18} + 03 06 ... 48
 Limits    30.000000000000000        50.000000000000000        65.000000000000000        75.000000000000000        85.000000000000000        95.000000000000000        100.00000000000000     
 Each class is data <= limit, the very last > last limit
 Total number of values      975984
                                              OBSERVATION
                                    767     1379       55        3        3        0        0        0 |      2207
                                   1473    44817    17163     2274      807      324       65        0 |     66923
                                    210    30632    82668    33277    12523     4817      869        0 |    164996
              43h22_ref_summer       24     4741    43963    63734    44316    17369     3629        0 |    177776
                                      2     1270    16092    48357    82438    55335    13038        0 |    216532
                                      2      521     6212    19301    59029   104639    42503        0 |    232207
                                      0       57     1054     3454    14269    45369    45773        0 |    109976
                                      0        0       13       83      465     1355     3451        0 |      5367

                    SUM            2478    83417   167220   170483   213850   229208   109328        0 |    975984
                                              OBSERVATION
                                    719     1134       44        1        1        1        0        0 |      1900
                                   1525    46076    18001     2282      839      296       54        0 |     69073
                                    213    30348    85666    35040    12796     4910      860        0 |    169833
          val46h1rc1_summer_v1       12     4154    42496    65990    46709    18373     3714        0 |    181448
                                      6     1153    14316    46387    83576    57026    13243        0 |    215707
                                      3      485     5715    17625    56413   104821    43590        0 |    228652
                                      0       67      968     3078    13117    42571    44949        0 |    104750
                                      0        0       14       80      399     1210     2918        0 |      4621

                    SUM            2478    83417   167220   170483   213850   229208   109328        0 |    975984
                                              OBSERVATION
                                    822     1551       62        4        2        0        0        0 |      2441
                                   1422    44622    17768     2353      875      308       56        0 |     67404
                                    197    30612    81445    33354    12527     4870      858        0 |    163863
          val46h1rc1_summer_v2       29     4805    44053    63378    44569    17866     3787        0 |    178487
                                      7     1258    16466    48052    82012    55405    13024        0 |    216224
                                      1      496     6301    19654    58797   104156    42606        0 |    232011
                                      0       73     1110     3616    14582    45209    45735        0 |    110325
                                      0        0       15       72      486     1394     3262        0 |      5229

                    SUM            2478    83417   167220   170483   213850   229208   109328        0 |    975984

