 <pre>

 Contingency table for Low clouds (octas)
 Selection: ALL    629 stations
Period: 20220701-20220731
Used {00,06,12,18} + 03 06 ... 48
 Limits    1.0000000000000000        2.0000000000000000        3.0000000000000000        4.0000000000000000        5.0000000000000000        6.0000000000000000        7.0000000000000000     
 Each class is data <= limit, the very last > last limit
 Total number of values      934321
                                              OBSERVATION
                                 305985    37345    24049    15426    15494    14559    15072    17398 |    445328
                                  21309     5564     4740     3289     3593     3569     4071     4749 |     50884
                                  14736     4189     3822     2773     3002     3028     3476     4070 |     39096
              43h22_ref_summer    12879     4217     3830     2779     3160     2992     3644     4009 |     37510
                                  12118     4132     3903     3045     3207     3165     3987     4330 |     37887
                                  11745     4286     4267     3275     3651     3627     4868     5500 |     41219
                                  13827     5290     5342     4083     4796     4974     7398     8627 |     54337
                                  32686    16357    17699    14059    17643    20321    39253    70042 |    228060

                    SUM          425285    81380    67652    48729    54546    56235    81769   118725 |    934321
                                              OBSERVATION
                                 365839    54015    38908    26271    27360    26476    30198    35088 |    604155
                                   6737     2800     2723     2212     2377     2318     3033     3522 |     25722
                                   4552     1899     1924     1561     1676     1680     2109     2490 |     17891
          val46h1rc1_summer_v1     3870     1809     1753     1424     1542     1478     1901     2188 |     15965
                                   3856     1688     1691     1318     1485     1472     2048     2235 |     15793
                                   4828     1912     1870     1516     1731     1636     2526     2951 |     18970
                                   7104     2712     2871     2055     2537     2580     4075     4997 |     28931
                                  28499    14545    15912    12372    15838    18595    35879    65254 |    206894

                    SUM          425285    81380    67652    48729    54546    56235    81769   118725 |    934321
                                              OBSERVATION
                                 305155    37074    24024    15599    15881    14582    15377    17954 |    445646
                                  21250     5558     4703     3235     3560     3456     4068     4650 |     50480
                                  14513     4114     3839     2695     2933     2882     3411     3893 |     38280
          val46h1rc1_summer_v2    12970     4096     3811     2728     3103     2961     3535     3869 |     37073
                                  11715     4114     3719     2959     3143     3272     3767     4379 |     37068
                                  11203     4310     4104     3159     3503     3533     4559     5329 |     39700
                                  14288     5487     5415     4193     4687     4863     7062     8488 |     54483
                                  34191    16627    18037    14161    17736    20686    39990    70163 |    231591

                    SUM          425285    81380    67652    48729    54546    56235    81769   118725 |    934321

