 <pre>

 Contingency table for Rh2m (%)
 Selection: METCOOP    512 stations
Period: 20220701-20220710
Used {00,06,12,18} + 03 06 ... 48
 Limits    30.000000000000000        50.000000000000000        65.000000000000000        75.000000000000000        85.000000000000000        95.000000000000000        100.00000000000000     
 Each class is data <= limit, the very last > last limit
 Total number of values      300027
                                              OBSERVATION
                                     67      381       20        2        1        0        0        0 |       471
                                    263    14004     5620      834      261      138       22        0 |     21142
                                     35     9950    28176    11130     4353     1787      360        0 |     55791
              43h22_ref_summer        6     1497    14254    19680    14464     5641     1082        0 |     56624
                                      2      531     5489    14685    25859    16866     3576        0 |     67008
                                      0      253     2382     6221    18318    28973    11410        0 |     67557
                                      0       33      358     1050     4249    12570    12240        0 |     30500
                                      0        0        3       16      113      239      563        0 |       934

                    SUM             373    26649    56302    53618    67618    66214    29253        0 |    300027
                                              OBSERVATION
                                     71      370       23        1        0        1        0        0 |       466
                                    261    14504     6105      857      310      122       20        0 |     22179
                                     34     9580    28736    11399     4302     1786      342        0 |     56179
             val46h1rc1_summer        5     1382    13914    20533    15210     5805     1164        0 |     58013
                                      0      506     4941    14154    26181    17106     3568        0 |     66456
                                      2      255     2199     5678    17537    29187    11520        0 |     66378
                                      0       52      381      980     4002    11972    12146        0 |     29533
                                      0        0        3       16       76      235      493        0 |       823

                    SUM             373    26649    56302    53618    67618    66214    29253        0 |    300027

