 <pre>

 Contingency table for Rh2m (%)
 Selection: METCOOP    516 stations
Period: 20220701-20220731
Used {00,06,12,18} + 03 06 ... 48
 Limits    30.000000000000000        50.000000000000000        65.000000000000000        75.000000000000000        85.000000000000000        95.000000000000000        100.00000000000000     
 Each class is data <= limit, the very last > last limit
 Total number of values      975963
                                              OBSERVATION
                                    730     1341       59        2        4        0        0        0 |      2136
                                   1428    43942    17445     2300      812      332       59        0 |     66318
                                    200    29653    83062    33479    12620     4867      892        0 |    164773
              43h22_ref_summer       27     4518    43251    63858    44631    17556     3757        0 |    177598
                                      2     1228    15614    47357    82872    56105    13432        0 |    216610
                                      2      506     5978    18713    58410   104883    44325        0 |    232817
                                      0       60      989     3231    13754    44540    47683        0 |    110257
                                      0        0       13       71      474     1329     3567        0 |      5454

                    SUM            2389    81248   166411   169011   213577   229612   113715        0 |    975963
                                              OBSERVATION
                                    681     1097       44        1        1        1        0        0 |      1825
                                   1482    45169    18275     2306      844      304       49        0 |     68429
                                    203    29368    86054    35293    12862     4996      872        0 |    169648
          val46h1rc1_summer_v1       14     3964    41809    66075    47062    18551     3860        0 |    181335
                                      6     1104    13831    45366    84014    57852    13657        0 |    215830
                                      3      472     5472    17045    55735   105026    45393        0 |    229146
                                      0       74      912     2855    12654    41678    46876        0 |    105049
                                      0        0       14       70      405     1204     3008        0 |      4701

                    SUM            2389    81248   166411   169011   213577   229612   113715        0 |    975963
                                              OBSERVATION
                                    785     1508       64        4        2        0        0        0 |      2363
                                   1374    43728    18091     2382      886      312       51        0 |     66824
                                    192    29635    81817    33567    12586     4942      885        0 |    163624
          val46h1rc1_summer_v2       30     4596    43343    63434    44904    18043     3930        0 |    178280
                                      7     1220    15969    47068    82436    56212    13432        0 |    216344
                                      1      481     6062    19084    58193   104348    44388        0 |    232557
                                      0       80     1050     3411    14080    44370    47661        0 |    110652
                                      0        0       15       61      490     1385     3368        0 |      5319

                    SUM            2389    81248   166411   169011   213577   229612   113715        0 |    975963

