 <pre>

 Contingency table for Cloud cover (octas)
 Selection: ALL    609 stations
Period: 20220701-20220717
Used {00,06,12,18} + 03 06 ... 48
 Limits   0.50000000000000000        1.5000000000000000        2.5000000000000000        3.5000000000000000        4.5000000000000000        5.5000000000000000        6.5000000000000000        7.5000000000000000     
 Each class is data <= limit, the very last > last limit
 Total number of values      552964
                                                       OBSERVATION
                                  28783     8970     8889     5712     3088     4524     5033     3563     5038 |     73600
                                   7710     3687     3625     3170     2064     3101     3749     3459     4323 |     34888
                                   4130     2252     2253     2115     1504     2277     2996     2953     3921 |     24401
                                   3257     1933     1817     1883     1255     2067     2763     2845     3744 |     21564
              43h22_ref_summer     3068     1828     1816     1863     1328     2199     2970     3142     4110 |     22324
                                   2989     1917     1892     2133     1635     2503     3395     3991     5054 |     25509
                                   3237     2280     2085     2357     1799     3059     4436     5275     6938 |     31466
                                   4619     3271     2907     3448     2622     4556     6626     8959    12126 |     49134
                                  12442    10959     8481    11563     8768    17151    26766    62297   111651 |    270078

                    SUM           70235    37097    33765    34244    24063    41437    58734    96484   156905 |    552964
                                                       OBSERVATION
                                  41325    15608    14968    11439     7040    10363    12382    11921    14981 |    140027
                                   4129     2579     2549     2680     1969     3163     4153     4789     6043 |     32054
                                   2316     1608     1520     1655     1246     2061     2635     3249     4247 |     20537
                                   1944     1259     1239     1332     1073     1590     2310     2777     3635 |     17159
             val46h1rc1_summer     1757     1255     1163     1354      996     1671     2298     2735     3591 |     16820
                                   1836     1205     1209     1277      954     1655     2333     2989     4261 |     17719
                                   2284     1433     1393     1665     1237     2080     2990     4029     5605 |     22716
                                   3508     2356     2142     2433     1813     3169     4844     6993     9904 |     37162
                                  11136     9794     7582    10409     7735    15685    24789    57002   104638 |    248770

                    SUM           70235    37097    33765    34244    24063    41437    58734    96484   156905 |    552964

