 <pre>

 Contingency table for Rh2m (%)
 Selection: Finland    129 stations
Period: 20220701-20220731
Used {00,06,12,18} + 03 06 ... 48
 Limits    30.000000000000000        50.000000000000000        65.000000000000000        75.000000000000000        85.000000000000000        95.000000000000000        100.00000000000000     
 Each class is data <= limit, the very last > last limit
 Total number of values      242761
                                              OBSERVATION
                                     44      229       18        2        1        0        0        0 |       294
                                    111     6870     3944      525      191      123       33        0 |     11797
                                     10     5236    21759    10509     3582     1491      411        0 |     42998
              43h22_ref_summer        0      813     9804    19026    13954     5316     1372        0 |     50285
                                      2      292     3305    10623    21411    16019     4726        0 |     56378
                                      0      121     1435     3563    11400    25370    14209        0 |     56098
                                      0       12      262      659     1730     8382    13157        0 |     24202
                                      0        0        0        2       14      123      570        0 |       709

                    SUM             167    13573    40527    44909    52283    56824    34478        0 |    242761
                                              OBSERVATION
                                     39      222       19        1        0        1        0        0 |       282
                                    119     6940     4128      569      218      117       29        0 |     12120
                                      7     5328    22362    10764     3545     1565      401        0 |     43972
          val46h1rc1_summer_v1        0      699     9399    19511    14464     5512     1389        0 |     50974
                                      0      250     3007    10343    21762    16319     4688        0 |     56369
                                      2      116     1385     3171    10771    25645    14572        0 |     55662
                                      0       18      227      549     1517     7558    12940        0 |     22809
                                      0        0        0        1        6      107      459        0 |       573

                    SUM             167    13573    40527    44909    52283    56824    34478        0 |    242761
                                              OBSERVATION
                                     34      253       24        3        0        0        0        0 |       314
                                    119     6527     3929      544      204      101       22        0 |     11446
                                      6     5501    21035    10021     3421     1434      379        0 |     41797
          val46h1rc1_summer_v2        5      851    10166    18646    13490     5239     1363        0 |     49760
                                      2      288     3524    11054    21403    15858     4638        0 |     56767
                                      1      130     1544     3930    11831    25378    14279        0 |     57093
                                      0       23      304      710     1923     8674    13237        0 |     24871
                                      0        0        1        1       11      140      560        0 |       713

                    SUM             167    13573    40527    44909    52283    56824    34478        0 |    242761

