 <pre>

 Contingency table for Cloud cover (octas)
 Selection: Finland     69 stations
Period: 20220701-20220717
Used {00,06,12,18} + 03 06 ... 48
 Limits   0.50000000000000000        1.5000000000000000        2.5000000000000000        3.5000000000000000        4.5000000000000000        5.5000000000000000        6.5000000000000000        7.5000000000000000     
 Each class is data <= limit, the very last > last limit
 Total number of values       71283
                                                       OBSERVATION
                                   5464      709      327      384      214      249      113      479      163 |      8102
                                   1628      492      178      254      141      178      107      562      164 |      3704
                                   1024      324      121      196      117      174       89      493      165 |      2703
                                    867      344      110      193       92      168      101      468      178 |      2521
              43h22_ref_summer      794      350      111      204       93      186       95      585      167 |      2585
                                    750      373      138      230      116      272      135      757      212 |      2983
                                    822      481      154      309      150      343      167      993      341 |      3760
                                   1252      719      238      479      282      524      297     1820      611 |      6222
                                   3853     2977      953     2265     1138     3124     1514    15339     7540 |     38703

                    SUM           16454     6769     2330     4514     2343     5218     2618    21496     9541 |     71283
                                                       OBSERVATION
                                   8143     1669      671      906      475      670      386     1905      587 |     15412
                                   1108      494      172      290      168      270      149      899      320 |      3870
                                    702      321      101      188       96      213       93      612      230 |      2556
                                    544      257      104      148       88      159       99      580      215 |      2194
             val46h1rc1_summer      502      259       84      156       92      170      100      521      186 |      2070
                                    502      258       90      164       92      204      118      581      233 |      2242
                                    652      310      121      219      109      243      112      780      289 |      2835
                                    937      534      178      365      190      424      200     1473      516 |      4817
                                   3364     2667      809     2078     1033     2865     1361    14145     6965 |     35287

                    SUM           16454     6769     2330     4514     2343     5218     2618    21496     9541 |     71283

