 <pre>

 Contingency table for Visibility (m)
 Selection: Norway     39 stations
Period: 20220701-20220731
Used {00,06,12,18} + 03 06 ... 48
 Limits    1000.0000000000000        5000.0000000000000        10000.000000000000        20000.000000000000     
 Each class is data <= limit, the very last > last limit
 Total number of values       45003
                                     OBSERVATION
                                    634      351      226      232      183 |      1626
                                    300      565      842      990     1124 |      3821
              43h22_ref_summer       73      295      480     1085     1498 |      3431
                                     84      489     1100     2224     9201 |     13098
                                     62      305     1048     2452    19160 |     23027

                    SUM            1153     2005     3696     6983    31166 |     45003
                                     OBSERVATION
                                    595      330      187      213      153 |      1478
                                    348      553      796      935      982 |      3614
          val46h1rc1_summer_v1       62      293      495     1070     1396 |      3316
                                     82      498     1126     2225     8889 |     12820
                                     66      331     1092     2540    19746 |     23775

                    SUM            1153     2005     3696     6983    31166 |     45003
                                     OBSERVATION
                                    621      330      204      237      170 |      1562
                                    321      559      857     1038     1082 |      3857
          val46h1rc1_summer_v2       61      297      490     1062     1479 |      3389
                                     88      494     1149     2220     9013 |     12964
                                     62      325      996     2426    19422 |     23231

                    SUM            1153     2005     3696     6983    31166 |     45003

