 <pre>

 Contingency table for Visibility (m)
 Selection: Norway     38 stations
Period: 20220701-20220710
Used {00,06,12,18} + 03 06 ... 48
 Limits    1000.0000000000000        5000.0000000000000        10000.000000000000        20000.000000000000     
 Each class is data <= limit, the very last > last limit
 Total number of values       14130
                                     OBSERVATION
                                    149       54       56       60       33 |       352
                                    114      137      206      245      250 |       952
              43h22_ref_summer       13      104      149      343      482 |      1091
                                     22      188      406      804     3058 |      4478
                                     16      125      417      751     5948 |      7257

                    SUM             314      608     1234     2203     9771 |     14130
                                     OBSERVATION
                                    124       56       41       63       23 |       307
                                    137      137      208      242      259 |       983
             val46h1rc1_summer       16       95      159      330      449 |      1049
                                     17      193      402      802     2896 |      4310
                                     20      127      424      766     6144 |      7481

                    SUM             314      608     1234     2203     9771 |     14130

