 <pre>

 Contingency table for Cloud base (m)
 Selection: Norway     32 stations
Period: 20220701-20220731
Used {00,06,12,18} + 03 06 ... 48
 Limits    70.000000000000000        150.00000000000000        300.00000000000000        600.00000000000000        1000.0000000000000        1500.0000000000000        2500.0000000000000        5000.0000000000000     
 Each class is data <= limit, the very last > last limit
 Total number of values       22767
                                                       OBSERVATION
                                    192      213      297       48       10        5        5        0        0 |       770
                                    111      102      263       51       11       11        5        0        0 |       554
                                    113      182      584      173       36       40       12        0        0 |      1140
                                    194      220     1783      946      219       99       37        0        0 |      3498
              43h22_ref_summer      121      152     1277     1164      434      191       32        0        0 |      3371
                                     95      112      852      886      450      222       87        0        0 |      2704
                                     65       62      434      551      557      373      221        0        0 |      2263
                                     28       28      252      325      343      204      412        0        0 |      1592
                                    130       87      939     1582     1897      957     1283        0        0 |      6875

                    SUM            1049     1158     6681     5726     3957     2102     2094        0        0 |     22767
                                                       OBSERVATION
                                    175      206      266       43        5        5        8        0        0 |       708
                                    110       92      227       45       21        8        2        0        0 |       505
                                    113      158      570      164       35       30       11        0        0 |      1081
                                    185      222     1455      722      159       89       27        0        0 |      2859
          val46h1rc1_summer_v1      123      143     1209      869      329      133       26        0        0 |      2832
                                    101      117      871      853      358      204       65        0        0 |      2569
                                     47       56      458      553      456      294      155        0        0 |      2019
                                     26       38      258      306      287      190      268        0        0 |      1373
                                    169      126     1367     2171     2307     1149     1532        0        0 |      8821

                    SUM            1049     1158     6681     5726     3957     2102     2094        0        0 |     22767
                                                       OBSERVATION
                                    188      212      285       44        9        8        6        0        0 |       752
                                     95      106      255       63       19       15        5        0        0 |       558
                                    125      189      620      186       35       34       10        0        0 |      1199
                                    214      232     1810      957      216      122       38        0        0 |      3589
          val46h1rc1_summer_v2      120      154     1262     1131      449      189       33        0        0 |      3338
                                    107       94      852      863      446      214       78        0        0 |      2654
                                     48       66      434      572      574      362      210        0        0 |      2266
                                     28       32      251      285      336      200      425        0        0 |      1557
                                    124       73      912     1625     1873      958     1289        0        0 |      6854

                    SUM            1049     1158     6681     5726     3957     2102     2094        0        0 |     22767

