 <pre>

 Contingency table for Cloud base (m)
 Selection: Sweden    124 stations
Period: 20220701-20220731
Used {00,06,12,18} + 03 06 ... 48
 Limits    70.000000000000000        150.00000000000000        300.00000000000000        600.00000000000000        1000.0000000000000        1500.0000000000000        2500.0000000000000        5000.0000000000000     
 Each class is data <= limit, the very last > last limit
 Total number of values      116988
                                                       OBSERVATION
                                    131      271      215       63       48       23       23       22        2 |       798
                                     82      344      394      180       58       31       29       29        7 |      1154
                                    118      591     1280      784      219      122      115       68       18 |      3315
                                     99      442     1891     3284     1409      562      577      276       62 |      8602
              43h22_ref_summer       64      187      862     2559     4111     2547     1537      637      194 |     12698
                                     70      124      465     1014     2193     6588     4454     1533      462 |     16903
                                    131      153      480      889     1199     3368     8744     4058     1160 |     20182
                                    128      139      381      691      704     1204     2790     4913      809 |     11759
                                    515      445      784     1915     2895     5442     9331     9769    10481 |     41577

                    SUM            1338     2696     6752    11379    12836    19887    27600    21305    13195 |    116988
                                                       OBSERVATION
                                    112      188      166       56       39       13       13       17        8 |       612
                                     91      352      345      151       55       28       25       19        5 |      1071
                                    122      609     1136      629      192       88       98       54       13 |      2941
                                     75      388     1711     2616      999      444      410      184       32 |      6859
          val46h1rc1_summer_v1       60      183      814     2381     3128     1563      968      442      110 |      9649
                                     63      140      531     1143     2282     5394     3027      953      293 |     13826
                                    101      153      488      893     1235     3726     7487     3265      819 |     18167
                                     94      151      397      689      707     1235     2675     3695      545 |     10188
                                    620      532     1164     2821     4199     7396    12897    12676    11370 |     53675

                    SUM            1338     2696     6752    11379    12836    19887    27600    21305    13195 |    116988
                                                       OBSERVATION
                                    131      253      220       58       46       22       13       20       10 |       773
                                    105      389      423      195       86       43       34       26        8 |      1309
                                    124      613     1344      845      230      123      141       91       19 |      3530
                                     84      410     1878     3342     1607      675      625      314       69 |      9004
          val46h1rc1_summer_v2       59      195      850     2481     4146     2837     1656      707      204 |     13135
                                     84      118      418      997     2125     6487     4692     1641      537 |     17099
                                    124      148      468      890     1141     3246     8731     4199     1121 |     20068
                                    117      152      365      661      683     1184     2738     4960      797 |     11657
                                    510      418      786     1910     2772     5270     8970     9347    10430 |     40413

                    SUM            1338     2696     6752    11379    12836    19887    27600    21305    13195 |    116988

