 <pre>

 Contingency table for Visibility (m)
 Selection: Denmark     22 stations
Period: 20220701-20220731
Used {00,06,12,18} + 03 06 ... 48
 Limits    1000.0000000000000        5000.0000000000000        10000.000000000000        20000.000000000000     
 Each class is data <= limit, the very last > last limit
 Total number of values       37393
                                     OBSERVATION
                                     19       45       18       13        6 |       101
                                     83      398      396      508      403 |      1788
              43h22_ref_summer       48      225      386      987     1670 |      3316
                                     40      261      397     2291     7485 |     10474
                                     82      175      655     3646    17156 |     21714

                    SUM             272     1104     1852     7445    26720 |     37393
                                     OBSERVATION
                                      8       24       11       13        4 |        60
                                     88      381      372      495      406 |      1742
          val46h1rc1_summer_v1       52      240      370      924     1615 |      3201
                                     46      281      417     2215     6987 |      9946
                                     78      178      682     3798    17708 |     22444

                    SUM             272     1104     1852     7445    26720 |     37393
                                     OBSERVATION
                                      9       35        8       12        4 |        68
                                     91      364      386      478      357 |      1676
          val46h1rc1_summer_v2       48      260      379      943     1609 |      3239
                                     40      274      415     2244     7108 |     10081
                                     84      171      664     3768    17642 |     22329

                    SUM             272     1104     1852     7445    26720 |     37393

