 <pre>

 Contingency table for Cloud cover (octas)
 Selection: Sweden    106 stations
Period: 20220701-20220717
Used {00,06,12,18} + 03 06 ... 48
 Limits   0.50000000000000000        1.5000000000000000        2.5000000000000000        3.5000000000000000        4.5000000000000000        5.5000000000000000        6.5000000000000000        7.5000000000000000     
 Each class is data <= limit, the very last > last limit
 Total number of values       82012
                                                       OBSERVATION
                                   2129     1207      681      568      452      467      460      506      746 |      7216
                                    496      637      407      467      371      414      341      514      711 |      4358
                                    241      435      296      287      291      322      274      400      690 |      3236
                                    178      380      228      274      240      305      268      439      571 |      2883
              43h22_ref_summer      191      357      258      337      262      335      289      465      645 |      3139
                                    158      426      274      372      341      390      351      576      813 |      3701
                                    210      503      337      398      381      472      456      698     1102 |      4557
                                    265      697      445      586      507      714      686     1207     1874 |      6981
                                    866     2825     1869     2629     2406     3549     3522     7341    20934 |     45941

                    SUM            4734     7467     4795     5918     5251     6968     6647    12146    28086 |     82012
                                                       OBSERVATION
                                   2892     2454     1431     1448     1187     1388     1265     1719     2672 |     16456
                                    280      516      366      426      363      470      447      683     1036 |      4587
                                    131      322      203      282      275      322      273      484      720 |      3012
                                    115      270      192      228      231      234      224      374      608 |      2476
             val46h1rc1_summer       97      264      192      225      198      246      260      379      563 |      2424
                                    104      257      184      226      217      232      263      410      682 |      2575
                                    105      282      210      283      248      310      283      527      808 |      3056
                                    214      461      345      393      368      444      443      847     1401 |      4916
                                    796     2641     1672     2407     2164     3322     3189     6723    19596 |     42510

                    SUM            4734     7467     4795     5918     5251     6968     6647    12146    28086 |     82012

