 <pre>

 Contingency table for Visibility (m)
 Selection: Norway     44 stations
Period: 20220701-20220731
Used {00,06,12,18} + 03 06 ... 48
 Limits    1000.0000000000000        5000.0000000000000        10000.000000000000        20000.000000000000     
 Each class is data <= limit, the very last > last limit
 Total number of values       44797
                                     OBSERVATION
                                    614      376      255      273      216 |      1734
                                    299      554      825      973     1148 |      3799
              43h22_ref_summer       77      280      456     1072     1460 |      3345
                                     98      467     1093     2252     8921 |     12831
                                     65      296     1104     2640    18983 |     23088

                    SUM            1153     1973     3733     7210    30728 |     44797
                                     OBSERVATION
                                    578      352      226      245      184 |      1585
                                    344      538      771      928      990 |      3571
          val46h1rc1_summer_v1       73      283      476     1061     1385 |      3278
                                     90      482     1118     2248     8640 |     12578
                                     68      318     1142     2728    19529 |     23785

                    SUM            1153     1973     3733     7210    30728 |     44797
                                     OBSERVATION
                                    602      362      231      273      199 |      1667
                                    318      542      840     1022     1089 |      3811
          val46h1rc1_summer_v2       70      282      470     1047     1462 |      3331
                                     97      476     1140     2246     8763 |     12722
                                     66      311     1052     2622    19215 |     23266

                    SUM            1153     1973     3733     7210    30728 |     44797

