 <pre>

 Contingency table for Cloud cover (octas)
 Selection: METCOOP    212 stations
Period: 20220701-20220717
Used {00,06,12,18} + 03 06 ... 48
 Limits   0.50000000000000000        1.5000000000000000        2.5000000000000000        3.5000000000000000        4.5000000000000000        5.5000000000000000        6.5000000000000000        7.5000000000000000     
 Each class is data <= limit, the very last > last limit
 Total number of values      177191
                                                       OBSERVATION
                                   8081     2331     1329     1307      845      898      769     1150     1008 |     17718
                                   2252     1218      696      843      624      705      579     1241      961 |      9119
                                   1334      795      486      556      477      562      476     1028      935 |      6649
                                   1088      756      379      517      402      566      467     1045      838 |      6058
              43h22_ref_summer     1037      729      419      598      426      597      489     1191      904 |      6390
                                    950      825      450      643      530      751      600     1484     1128 |      7361
                                   1071     1007      540      774      598      914      781     1916     1577 |      9178
                                   1573     1443      734     1132      896     1391     1220     3416     2779 |     14584
                                   4929     5911     2978     5179     3906     7287     6595    26751    36598 |    100134

                    SUM           22315    15015     8011    11549     8704    13671    11976    39222    46728 |    177191
                                                       OBSERVATION
                                  11710     4670     2627     2907     2067     2458     2144     4237     3638 |     36458
                                   1457     1059      608      805      634      848      749     1810     1528 |      9498
                                    863      664      329      524      432      607      446     1253     1073 |      6191
                                    684      539      326      399      353      448      397     1115      956 |      5217
             val46h1rc1_summer      623      534      306      411      340      476      453     1033      831 |      5007
                                    639      522      298      421      352      485      459     1128     1000 |      5304
                                    782      605      350      541      406      637      501     1479     1245 |      6546
                                   1199     1013      551      801      610      973      839     2644     2142 |     10772
                                   4358     5409     2616     4740     3510     6739     5988    24523    34315 |     92198

                    SUM           22315    15015     8011    11549     8704    13671    11976    39222    46728 |    177191

