 <pre>

 Contingency table for Cloud cover (octas)
 Selection: Finland     69 stations
Period: 20220701-20220710
Used {00,06,12,18} + 03 06 ... 48
 Limits   0.50000000000000000        1.5000000000000000        2.5000000000000000        3.5000000000000000        4.5000000000000000        5.5000000000000000        6.5000000000000000        7.5000000000000000     
 Each class is data <= limit, the very last > last limit
 Total number of values       40691
                                                       OBSERVATION
                                   4664      596      282      304      168      173       92      312       90 |      6681
                                   1242      382      138      193      108      117       85      335       88 |      2688
                                    762      240       94      138       77      103       68      284       76 |      1842
                                    633      254       84      125       69      104       65      280       80 |      1694
              43h22_ref_summer      570      250       85      137       69      119       78      354       75 |      1737
                                    522      258       99      149       76      174       99      445       97 |      1919
                                    565      330      117      200      106      198      112      557      134 |      2319
                                    858      489      178      320      196      298      190      981      229 |      3739
                                   2335     1771      569     1162      649     1528      808     6461     2789 |     18072

                    SUM           12151     4570     1646     2728     1518     2814     1597    10009     3658 |     40691
                                                       OBSERVATION
                                   6739     1332      523      665      346      437      284     1146      294 |     11766
                                    801      340      132      193      113      145      109      464      140 |      2437
                                    480      241       78      124       62      130       62      326      106 |      1609
                                    374      173       79       97       63       97       65      316       96 |      1360
             val46h1rc1_summer      337      179       64      105       64      115       62      284       71 |      1281
                                    341      175       66      112       58      118       77      320       96 |      1363
                                    427      205       87      148       67      148       72      424      122 |      1700
                                    632      362      135      229      125      233      126      750      216 |      2808
                                   2020     1563      482     1055      620     1391      740     5979     2517 |     16367

                    SUM           12151     4570     1646     2728     1518     2814     1597    10009     3658 |     40691

