 <pre>

 Contingency table for 3h Precipitation (mm/3h)
 Selection: ALL    231 stations
Period: 20220701-20220717
Used {00,06,12,18} + 03 06 ... 48
 Limits   0.10000000000000001       0.20000000000000001       0.50000000000000000        1.0000000000000000        2.0000000000000000        5.0000000000000000        10.000000000000000        15.000000000000000        20.000000000000000     
 Each class is data <= limit, the very last > last limit
 Total number of values      191964
                                                       OBSERVATION
                                 139826     2469     3283     3251     1668     1474      461      104       17       10 |    152563
                                   4657      325      492      571      328      275       95        9        6        2 |      6760
                                   5398      476      813      892      540      541      170       25       14        2 |      8871
                                   3686      389      729      849      589      621      153       36        6        2 |      7060
              43h22_ref_summer     2944      346      683      942      761      867      263       40       18        3 |      6867
                                   2304      253      557      931      843     1199      449       73       17        5 |      6631
                                    727       71      201      257      262      438      257       70       15        6 |      2304
                                    154       15       40       65       52      113       88       48        9        2 |       586
                                     53        5       13       19       17       25       35       16        2        7 |       192
                                     26        2       15       13       10       16       25        9        4       10 |       130

                    SUM          159775     4351     6826     7790     5070     5569     1996      430      108       49 |    191964
                                                       OBSERVATION
                                 144631     3373     5007     5504     3418     3648     1260      272       72       24 |    167209
                                   2256      138      198      217      115       95       32        7        0        0 |      3058
                                   2633      210      355      352      188      197       41       10        5        1 |      3992
                                   1984      149      305      377      230      227       63        9        5        1 |      3350
             val46h1rc1_summer     1923      159      275      404      324      320       88       19        2        1 |      3515
                                   2718      132      318      466      429      571      198       25        6        4 |      4867
                                   1831       77      173      234      190      305      168       37        4        5 |      3024
                                    764       54       82      105       83       97       72       22        9        2 |      1290
                                    415       20       44       54       36       42       31       14        1        6 |       663
                                    620       39       69       77       57       67       43       15        4        5 |       996

                    SUM          159775     4351     6826     7790     5070     5569     1996      430      108       49 |    191964

