 <pre>

 Contingency table for Low clouds (octas)
 Selection: METCOOP    229 stations
Period: 20220701-20220717
Used {00,06,12,18} + 03 06 ... 48
 Limits    1.0000000000000000        2.0000000000000000        3.0000000000000000        4.0000000000000000        5.0000000000000000        6.0000000000000000        7.0000000000000000     
 Each class is data <= limit, the very last > last limit
 Total number of values      174566
                                              OBSERVATION
                                  49004     4262     3541     2557     2300     1528     2633     2514 |     68339
                                   5481      891      879      623      631      452      809      784 |     10550
                                   4029      686      731      506      497      402      702      697 |      8250
              43h22_ref_summer     3453      826      720      528      578      406      762      702 |      7975
                                   3347      790      761      617      598      426      814      765 |      8118
                                   3303      889      914      653      663      516     1011      958 |      8907
                                   3861     1040     1112      871      919      736     1499     1389 |     11427
                                  10281     4054     4048     3510     4123     4062     8295    12627 |     51000

                    SUM           82759    13438    12706     9865    10309     8528    16525    20436 |    174566
                                              OBSERVATION
                                  64508     7104     6372     4563     4357     3044     5658     5492 |    101098
                                   2101      603      608      482      437      384      701      669 |      5985
                                   1396      392      417      338      311      273      486      462 |      4075
             val46h1rc1_summer     1158      416      377      292      313      251      393      413 |      3613
                                   1088      363      379      300      283      233      427      367 |      3440
                                   1408      382      385      321      334      255      474      496 |      4055
                                   1960      544      551      417      484      374      813      714 |      5857
                                   9140     3634     3617     3152     3790     3714     7573    11823 |     46443

                    SUM           82759    13438    12706     9865    10309     8528    16525    20436 |    174566

