 <pre>

 Contingency table for 3h Precipitation (mm/3h)
 Selection: METCOOP    343 stations
Period: 20220701-20220731
Used {00,06,12,18} + 03 06 ... 48
 Limits   0.10000000000000001       0.20000000000000001       0.50000000000000000        1.0000000000000000        2.0000000000000000        5.0000000000000000        10.000000000000000        15.000000000000000        20.000000000000000     
 Each class is data <= limit, the very last > last limit
 Total number of values      660283
                                                       OBSERVATION
                                 472880     7633    10270     7689     5844     5535     1994      428      115       41 |    512429
                                  19137     1298     2019     1618     1362     1142      362       64       20        8 |     27030
                                  21977     1833     3239     2763     2318     2124      617       96       27       10 |     35004
                                  14151     1421     2678     2697     2306     2147      634       97       39       10 |     26180
              43h22_ref_summer    11216     1248     2288     2852     2853     2866      854      128       46       16 |     24367
                                   8727      925     2027     2557     3333     4521     1666      271       88       39 |     24154
                                   2678      241      552      624      975     1816     1099      266      118       30 |      8399
                                    537       47       99      120      190      385      253      104       55        7 |      1797
                                    149       11       31       34       42       89      106       43       25       18 |       548
                                     96        7       22       24       28       49       65       32       32       20 |       375

                    SUM          551548    14664    23225    20978    19251    20674     7650     1529      565      199 |    660283
                                                       OBSERVATION
                                 508672    12251    18830    16551    14932    15676     5774     1120      411      125 |    594342
                                   5760      308      473      387      294      215       69        9        1        5 |      7521
                                   6872      503      840      657      537      439      118       24        9        3 |     10002
                                   5175      325      691      632      622      502      132       28        7        1 |      8115
          val46h1rc1_summer_v1     5210      312      637      824      726      757      212       32        7        1 |      8718
                                   7568      392      737      862     1011     1437      494       78       26       18 |     12623
                                   5646      211      438      461      526      811      437       94       42       14 |      8680
                                   2835      138      218      251      242      342      181       59       22       12 |      4300
                                   1606       88      139      141      131      197       95       41       21        6 |      2465
                                   2204      136      222      212      230      298      138       44       19       14 |      3517

                    SUM          551548    14664    23225    20978    19251    20674     7650     1529      565      199 |    660283
                                                       OBSERVATION
                                 509498    12285    18854    16608    14981    15755     5792     1119      410      125 |    595427
                                   5556      328      504      360      316      195       47        8        3        4 |      7321
                                   6852      479      831      697      548      394      121       23        4        1 |      9950
                                   5103      310      665      676      571      532      145       33        7        6 |      8048
          val46h1rc1_summer_v2     5175      361      679      759      769      779      217       34       16        8 |      8797
                                   7404      354      684      846      963     1387      498       80       27       11 |     12254
                                   5654      225      448      459      523      798      413      109       43       13 |      8685
                                   2754      135      208      248      225      335      191       58       21        9 |      4184
                                   1534       68      135      129      144      199      101       25       16        5 |      2356
                                   2018      119      217      196      211      300      125       40       18       17 |      3261

                    SUM          551548    14664    23225    20978    19251    20674     7650     1529      565      199 |    660283

