 <pre>

 Contingency table for Low clouds (octas)
 Selection: Sweden    123 stations
Period: 20220701-20220731
Used {00,06,12,18} + 03 06 ... 48
 Limits    1.0000000000000000        2.0000000000000000        3.0000000000000000        4.0000000000000000        5.0000000000000000        6.0000000000000000        7.0000000000000000     
 Each class is data <= limit, the very last > last limit
 Total number of values      161642
                                              OBSERVATION
                                  44866     4337     3054     2738     2067     1667     2060     4433 |     65222
                                   4326      995      748      686      470      504      560     1123 |      9412
                                   3065      796      639      524      397      423      494      908 |      7246
              43h22_ref_summer     2577      915      614      578      450      407      477      910 |      6928
                                   2532      910      632      592      441      443      523      972 |      7045
                                   2437     1043      827      740      509      535      624     1259 |      7974
                                   2762     1263      961      966      708      783      912     1875 |     10230
                                   7024     5194     4229     4402     3414     3882     4820    14620 |     47585

                    SUM           69589    15453    11704    11226     8456     8644    10470    26100 |    161642
                                              OBSERVATION
                                  56529     7645     5401     4855     3668     3324     3877     8084 |     93383
                                   1576      703      550      512      335      358      454      827 |      5315
                                   1056      458      387      338      245      251      315      552 |      3602
          val46h1rc1_summer_v1      833      471      323      304      223      261      245      486 |      3146
                                    792      409      345      331      224      238      253      483 |      3075
                                   1072      441      350      361      245      268      291      628 |      3656
                                   1427      648      540      509      378      392      509      997 |      5400
                                   6304     4678     3808     4016     3138     3552     4526    14043 |     44065

                    SUM           69589    15453    11704    11226     8456     8644    10470    26100 |    161642
                                              OBSERVATION
                                  44152     4234     2975     2633     2085     1670     2020     4299 |     64068
                                   4337      997      698      668      467      482      537     1099 |      9285
                                   3030      765      588      497      349      390      419      903 |      6941
          val46h1rc1_summer_v2     2684      854      674      531      419      396      471      918 |      6947
                                   2452      904      667      589      444      462      492      957 |      6967
                                   2439      978      743      712      517      547      603     1161 |      7700
                                   2949     1347     1029      970      665      695      887     1797 |     10339
                                   7546     5374     4330     4626     3510     4002     5041    14966 |     49395

                    SUM           69589    15453    11704    11226     8456     8644    10470    26100 |    161642

