 <pre>

 Contingency table for Low clouds (octas)
 Selection: ALL    627 stations
Period: 20220701-20220731
Used {00,06,12,18} + 03 06 ... 48
 Limits    1.0000000000000000        2.0000000000000000        3.0000000000000000        4.0000000000000000        5.0000000000000000        6.0000000000000000        7.0000000000000000     
 Each class is data <= limit, the very last > last limit
 Total number of values      954753
                                              OBSERVATION
                                 314838    37230    24293    15457    15653    14558    15473    17673 |    455175
                                  22140     5531     4769     3308     3645     3582     4226     4830 |     52031
                                  15308     4182     3870     2785     3043     3037     3582     4135 |     39942
              43h22_ref_summer    13377     4238     3871     2806     3204     3019     3782     4092 |     38389
                                  12559     4141     3945     3069     3269     3199     4108     4403 |     38693
                                  12137     4300     4289     3328     3666     3628     5036     5574 |     41958
                                  14370     5312     5387     4145     4870     5044     7703     8746 |     55577
                                  33954    16435    17721    14300    17846    20580    40747    71405 |    232988

                    SUM          438683    81369    68145    49198    55196    56647    84657   120858 |    954753
                                              OBSERVATION
                                 376971    53907    39268    26407    27664    26556    31077    35635 |    617485
                                   6981     2829     2753     2231     2399     2346     3169     3584 |     26292
                                   4703     1903     1945     1570     1705     1693     2199     2542 |     18260
             val46h1rc1_summer     4014     1818     1769     1441     1568     1502     1987     2230 |     16329
                                   4000     1685     1705     1339     1506     1487     2135     2270 |     16127
                                   5010     1928     1877     1537     1742     1659     2625     2989 |     19367
                                   7372     2719     2906     2088     2585     2611     4236     5079 |     29596
                                  29632    14580    15922    12585    16027    18793    37229    66529 |    211297

                    SUM          438683    81369    68145    49198    55196    56647    84657   120858 |    954753

