 <pre>

 Contingency table for Visibility (m)
 Selection: Sweden    158 stations
Period: 20220701-20220731
Used {00,06,12,18} + 03 06 ... 48
 Limits    1000.0000000000000        5000.0000000000000        10000.000000000000        20000.000000000000     
 Each class is data <= limit, the very last > last limit
 Total number of values      299944
                                     OBSERVATION
                                     95      325      464      577      821 |      2282
                                    726     2009     3516     5138    14318 |     25707
              43h22_ref_summer      408      977     1355     3432    15316 |     21488
                                    732     1207     1847     6333    65761 |     75880
                                    861     1419     1786     8460   162061 |    174587

                    SUM            2822     5937     8968    23940   258277 |    299944
                                     OBSERVATION
                                     75      270      373      465      691 |      1874
                                    725     2075     3443     5059    13874 |     25176
          val46h1rc1_summer_v1      429      999     1390     3268    15189 |     21275
                                    744     1172     1932     6532    64267 |     74647
                                    849     1421     1830     8616   164256 |    176972

                    SUM            2822     5937     8968    23940   258277 |    299944
                                     OBSERVATION
                                     90      283      453      548      833 |      2207
                                    714     2136     3565     5312    14874 |     26601
          val46h1rc1_summer_v2      428      954     1350     3353    15192 |     21277
                                    729     1164     1835     6362    66106 |     76196
                                    861     1400     1765     8365   161272 |    173663

                    SUM            2822     5937     8968    23940   258277 |    299944

