 <pre>

 Contingency table for Visibility (m)
 Selection: METCOOP    264 stations
Period: 20220701-20220717
Used {00,06,12,18} + 03 06 ... 48
 Limits    1000.0000000000000        5000.0000000000000        10000.000000000000        20000.000000000000     
 Each class is data <= limit, the very last > last limit
 Total number of values      257134
                                     OBSERVATION
                                    363      305      298      446      440 |      1852
                                    620     1542     2531     5300    11593 |     21586
              43h22_ref_summer      253      656     1025     3283    12983 |     18200
                                    563      879     1891     7575    54415 |     65323
                                    567      763     1864    13038   133941 |    150173

                    SUM            2366     4145     7609    29642   213372 |    257134
                                     OBSERVATION
                                    309      261      245      407      365 |      1587
                                    640     1545     2455     5019    11005 |     20664
             val46h1rc1_summer      266      695     1116     3130    12495 |     17702
                                    578      857     1902     7723    53197 |     64257
                                    573      787     1891    13363   136310 |    152924

                    SUM            2366     4145     7609    29642   213372 |    257134

