 <pre>

 Contingency table for Cloud base (m)
 Selection: METCOOP    224 stations
Period: 20220701-20220717
Used {00,06,12,18} + 03 06 ... 48
 Limits    70.000000000000000        150.00000000000000        300.00000000000000        600.00000000000000        1000.0000000000000        1500.0000000000000        2500.0000000000000        5000.0000000000000     
 Each class is data <= limit, the very last > last limit
 Total number of values      108026
                                                       OBSERVATION
                                    262      205      226       49       14       14       16       13        0 |       799
                                    118      229      417      166       29       20       32       27        1 |      1039
                                    156      433     1205      716      203      138      182      122        9 |      3164
                                    209      463     2458     3130     1387      604      734      385       29 |      9399
              43h22_ref_summer      136      243     1518     2993     4178     2208     1768      842      148 |     14034
                                    128      225      969     1523     2427     5398     4391     1737      259 |     17057
                                    108      186      756     1206     1609     3036     7397     3421      492 |     18211
                                    103      108      530      758      822     1127     2611     3685      420 |     10164
                                    391      255     1269     2856     3727     4913     9384     8635     2729 |     34159

                    SUM            1611     2347     9348    13397    14396    17458    26515    18867     4087 |    108026
                                                       OBSERVATION
                                    215      183      190       37       10        7        9       12        0 |       663
                                    120      220      345      138       39       20       28       21        0 |       931
                                    135      429     1065      562      147      103      178       96        6 |      2721
                                    203      395     2045     2453      985      467      521      265       20 |      7354
             val46h1rc1_summer      129      228     1463     2602     2979     1418     1132      598       78 |     10627
                                    117      196      997     1555     2526     4327     3081     1144      199 |     14142
                                     89      191      738     1202     1500     3213     6439     2709      353 |     16434
                                     94      123      570      761      819     1128     2509     2959      278 |      9241
                                    509      382     1935     4087     5391     6775    12618    11063     3153 |     45913

                    SUM            1611     2347     9348    13397    14396    17458    26515    18867     4087 |    108026

