 <pre>

 Contingency table for Cloud cover (octas)
 Selection: Estonia     19 stations
Period: 20220701-20220731
Used {00,06,12,18} + 03 06 ... 48
 Limits   0.50000000000000000        1.5000000000000000        2.5000000000000000        3.5000000000000000        4.5000000000000000        5.5000000000000000        6.5000000000000000        7.5000000000000000     
 Each class is data <= limit, the very last > last limit
 Total number of values       34360
                                                       OBSERVATION
                                   4216      684      249      138      119       96      107      269       54 |      5932
                                   1040      312      138      105      114       74       85      251       86 |      2205
                                    636      174       67       87       69       49       50      276       65 |      1473
                                    461      179       65       67       40       52       60      226       62 |      1212
              43h22_ref_summer      381      148       67       78       69       55       78      253       76 |      1205
                                    443      202       91       94       62       66       83      307       87 |      1435
                                    479      202       81       77       93       78      111      445      130 |      1696
                                    641      309      122      114      146      116      201      809      246 |      2704
                                   1913     1108      512      591      739      751     1169     6761     2954 |     16498

                    SUM           10210     3318     1392     1351     1451     1337     1944     9597     3760 |     34360
                                                       OBSERVATION
                                   5862     1271      461      341      289      250      301      917      281 |      9973
                                    565      232      102       92       96       63      112      398      112 |      1772
                                    344      143       51       68       48       40       69      258       77 |      1098
                                    277      110       42       44       51       42       63      235       64 |       928
          val46h1rc1_summer_v1      269       91       36       54       61       36       57      207       55 |       866
                                    279      100       45       57       67       43       52      226       74 |       943
                                    331      132       69       72       73       58       87      360       99 |      1281
                                    505      211      109      121      127       89      140      664      204 |      2170
                                   1778     1028      477      502      639      716     1063     6332     2794 |     15329

                    SUM           10210     3318     1392     1351     1451     1337     1944     9597     3760 |     34360
                                                       OBSERVATION
                                   4079      671      219      146      116       94      104      267       64 |      5760
                                   1057      299      115       97       83       70       90      244       83 |      2138
                                    620      192       86       58       69       51       66      222       59 |      1423
                                    499      146       80       77       65       47       64      217       58 |      1253
          val46h1rc1_summer_v2      423      147       77       83       65       56       68      249       60 |      1228
                                    402      173       74       72       92       54       88      286       73 |      1314
                                    491      250       80      109       84       72      113      437      132 |      1768
                                    668      287      133      122      141      133      184      764      212 |      2644
                                   1971     1153      528      587      736      760     1167     6911     3019 |     16832

                    SUM           10210     3318     1392     1351     1451     1337     1944     9597     3760 |     34360

