 <pre>

 Contingency table for Rh2m (%)
 Selection: Sweden    171 stations
Period: 20220701-20220731
Used {00,06,12,18} + 03 06 ... 48
 Limits    30.000000000000000        50.000000000000000        65.000000000000000        75.000000000000000        85.000000000000000        95.000000000000000        100.00000000000000     
 Each class is data <= limit, the very last > last limit
 Total number of values      327347
                                              OBSERVATION
                                    577      734       18        0        0        0        0        0 |      1329
                                    813    18966     7814     1054      292      130       24        0 |     29093
                                    123    13483    34144    13286     5044     1955      314        0 |     68349
              43h22_ref_summer       11     2033    17388    23082    14821     5941     1299        0 |     64575
                                      0      492     5941    16165    23417    15029     4198        0 |     65242
                                      1      211     2163     6423    17762    25411    12613        0 |     64584
                                      0       29      333     1279     5513    12162    13097        0 |     32413
                                      0        0        2       13      138      498     1111        0 |      1762

                    SUM            1525    35948    67803    61302    66987    61126    32656        0 |    327347
                                              OBSERVATION
                                    510      563        9        0        0        0        0        0 |      1082
                                    876    19722     8452     1033      295      110       18        0 |     30506
                                    130    13198    34983    13857     5033     1898      281        0 |     69380
             val46h1rc1_summer        7     1799    16711    23733    15177     5965     1286        0 |     64678
                                      2      451     5342    15602    23950    15558     4185        0 |     65090
                                      0      177     1977     5928    17321    25397    12914        0 |     63714
                                      0       38      326     1136     5102    11774    13061        0 |     31437
                                      0        0        3       13      109      424      911        0 |      1460

                    SUM            1525    35948    67803    61302    66987    61126    32656        0 |    327347

