 <pre>

 Contingency table for Visibility (m)
 Selection: ALL    698 stations
Period: 20220701-20220710
Used {00,06,12,18} + 03 06 ... 48
 Limits    1000.0000000000000        5000.0000000000000        10000.000000000000        20000.000000000000     
 Each class is data <= limit, the very last > last limit
 Total number of values      394696
                                     OBSERVATION
                                    419      222      213      459      264 |      1577
                                   1027     3230     3841     8741     9591 |     26430
              43h22_ref_summer      508     2356     4198    11361    18392 |     36815
                                    716     2946     8377    28877    74233 |    115149
                                    369     1712    12009    46994   153641 |    214725

                    SUM            3039    10466    28638    96432   256121 |    394696
                                     OBSERVATION
                                    362      210      171      449      219 |      1411
                                   1061     3296     3925     8510     9214 |     26006
             val46h1rc1_summer      551     2342     4317    11151    17802 |     36163
                                    671     2879     8372    28944    72222 |    113088
                                    394     1739    11853    47378   156664 |    218028

                    SUM            3039    10466    28638    96432   256121 |    394696

