 <pre>

 Contingency table for Low clouds (octas)
 Selection: METCOOP    236 stations
Period: 20220701-20220731
Used {00,06,12,18} + 03 06 ... 48
 Limits    1.0000000000000000        2.0000000000000000        3.0000000000000000        4.0000000000000000        5.0000000000000000        6.0000000000000000        7.0000000000000000     
 Each class is data <= limit, the very last > last limit
 Total number of values      317144
                                              OBSERVATION
                                  93980     7042     5573     4361     3925     2710     4783     6174 |    128548
                                   9163     1447     1386     1043     1019      828     1485     1749 |     18120
                                   6492     1120     1169      853      843      713     1308     1482 |     13980
              43h22_ref_summer     5530     1238     1124      856      913      689     1345     1472 |     13167
                                   5406     1212     1167      922      974      739     1497     1583 |     13500
                                   5334     1413     1416     1059     1066      877     1870     2011 |     15046
                                   6168     1693     1699     1396     1575     1329     2763     3083 |     19706
                                  16106     6882     6934     6135     7210     7041    16627    28142 |     95077

                    SUM          148179    22047    20468    16625    17525    14926    31678    45696 |    317144
                                              OBSERVATION
                                 119132    11673     9934     7645     7376     5539    10303    12352 |    183954
                                   3349      935      923      764      707      625     1248     1369 |      9920
                                   2217      624      652      523      505      438      874      934 |      6767
          val46h1rc1_summer_v1     1832      634      559      432      482      415      719      809 |      5882
                                   1726      547      574      456      463      388      770      790 |      5714
                                   2254      566      610      504      546      429      875     1019 |      6803
                                   3190      879      932      725      811      667     1533     1652 |     10389
                                  14479     6189     6284     5576     6635     6425    15356    26771 |     87715

                    SUM          148179    22047    20468    16625    17525    14926    31678    45696 |    317144
                                              OBSERVATION
                                  92047     6846     5408     4226     3873     2668     4625     5991 |    125684
                                   9085     1443     1286     1029      961      784     1408     1654 |     17650
                                   6474     1077     1127      791      814      634     1212     1399 |     13528
          val46h1rc1_summer_v2     5861     1139     1137      810      875      651     1325     1423 |     13221
                                   5456     1259     1151      890      902      778     1414     1562 |     13412
                                   5280     1353     1338     1008     1066      872     1669     1859 |     14445
                                   6611     1826     1818     1430     1532     1253     2694     2989 |     20153
                                  17365     7104     7203     6441     7502     7286    17331    28819 |     99051

                    SUM          148179    22047    20468    16625    17525    14926    31678    45696 |    317144

