 <pre>

 Contingency table for Rh2m (%)
 Selection: Norway    216 stations
Period: 20220701-20220731
Used {00,06,12,18} + 03 06 ... 48
 Limits    30.000000000000000        50.000000000000000        65.000000000000000        75.000000000000000        85.000000000000000        95.000000000000000        100.00000000000000     
 Each class is data <= limit, the very last > last limit
 Total number of values      402424
                                              OBSERVATION
                                    109      372       23        0        3        0        0        0 |       507
                                    498    17982     5662      720      326       77        4        0 |     25269
                                     67    10839    26777     9662     3973     1398      173        0 |     52889
              43h22_ref_summer       16     1661    15846    21533    15776     6276     1077        0 |     62185
                                      0      438     6281    20374    37747    24962     4447        0 |     94249
                                      1      171     2353     8643    28968    53806    17339        0 |    111281
                                      0       19      390     1269     6468    23803    21162        0 |     53111
                                      0        0       11       55      321      700     1846        0 |      2933

                    SUM             691    31482    57343    62256    93582   111022    46048        0 |    402424
                                              OBSERVATION
                                    132      308       16        0        1        0        0        0 |       457
                                    481    18360     5665      704      326       76        3        0 |     25615
                                     66    10764    28332    10620     4274     1507      195        0 |     55758
          val46h1rc1_summer_v1        7     1456    15467    22635    17308     7044     1177        0 |     65094
                                      4      400     5421    19225    37975    25898     4700        0 |     93623
                                      1      176     2080     7870    27395    53661    17757        0 |    108940
                                      0       18      351     1147     6013    22165    20611        0 |     50305
                                      0        0       11       55      290      671     1605        0 |      2632

                    SUM             691    31482    57343    62256    93582   111022    46048        0 |    402424
                                              OBSERVATION
                                    167      453       16        1        2        0        0        0 |       639
                                    442    18450     6022      765      361       81        3        0 |     26124
                                     70    10374    27111    10374     4141     1474      188        0 |     53732
          val46h1rc1_summer_v2        9     1606    15425    21609    16661     6791     1198        0 |     63299
                                      3      419     6123    19763    37418    25445     4562        0 |     93733
                                      0      163     2278     8422    28277    53380    17544        0 |    110064
                                      0       17      357     1281     6405    23131    20822        0 |     52013
                                      0        0       11       41      317      720     1731        0 |      2820

                    SUM             691    31482    57343    62256    93582   111022    46048        0 |    402424

