 <pre>

 Contingency table for Visibility (m)
 Selection: Finland     69 stations
Period: 20220701-20220731
Used {00,06,12,18} + 03 06 ... 48
 Limits    1000.0000000000000        5000.0000000000000        10000.000000000000        20000.000000000000     
 Each class is data <= limit, the very last > last limit
 Total number of values      130336
                                     OBSERVATION
                                     21       43       67      136      142 |       409
                                    257      711     1289     4093     6097 |     12447
              43h22_ref_summer       88      256      380     2124     6477 |      9325
                                    149      375      760     5793    23627 |     30704
                                     89      447      660    14431    61824 |     77451

                    SUM             604     1832     3156    26577    98167 |    130336
                                     OBSERVATION
                                      8       36       63      113      131 |       351
                                    248      670     1214     3857     5704 |     11693
          val46h1rc1_summer_v1      103      289      434     2086     6374 |      9286
                                    145      372      738     5771    23093 |     30119
                                    100      465      707    14750    62865 |     78887

                    SUM             604     1832     3156    26577    98167 |    130336
                                     OBSERVATION
                                     18       39       71      143      138 |       409
                                    234      701     1292     4240     6347 |     12814
          val46h1rc1_summer_v2      117      263      381     2177     6842 |      9780
                                    147      400      758     5900    23610 |     30815
                                     88      429      654    14117    61230 |     76518

                    SUM             604     1832     3156    26577    98167 |    130336

