 <pre>

 Contingency table for Rh2m (%)
 Selection: Finland    129 stations
Period: 20220701-20220717
Used {00,06,12,18} + 03 06 ... 48
 Limits    30.000000000000000        50.000000000000000        65.000000000000000        75.000000000000000        85.000000000000000        95.000000000000000        100.00000000000000     
 Each class is data <= limit, the very last > last limit
 Total number of values      132763
                                              OBSERVATION
                                     39      235       18        2        1        0        0        0 |       295
                                     98     4535     2640      420      172      119       31        0 |      8015
                                     10     2931    12230     6511     2562     1149      329        0 |     25722
              43h22_ref_summer        0      556     5542    10116     7619     3209      896        0 |     27938
                                      2      244     2115     5962    11362     8200     2394        0 |     30279
                                      0      113     1022     2211     6042    11429     6753        0 |     27570
                                      0       12      198      482      981     4189     6788        0 |     12650
                                      0        0        0        3        6       33      252        0 |       294

                    SUM             149     8626    23765    25707    28745    28328    17443        0 |    132763
                                              OBSERVATION
                                     36      224       19        1        0        1        0        0 |       281
                                    104     4821     2950      476      196      110       28        0 |      8685
                                      7     2776    12529     6676     2505     1193      321        0 |     26007
             val46h1rc1_summer        0      485     5269    10465     8115     3437      939        0 |     28710
                                      0      198     1859     5746    11661     8455     2478        0 |     30397
                                      2      105      960     1925     5458    11494     6910        0 |     26854
                                      0       17      179      416      810     3620     6596        0 |     11638
                                      0        0        0        2        0       18      171        0 |       191

                    SUM             149     8626    23765    25707    28745    28328    17443        0 |    132763

