 <pre>

 Contingency table for 3h Precipitation (mm/3h)
 Selection: METCOOP    139 stations
Period: 20220701-20220731
Used {00,06,12,18} + 03 06 ... 48
 Limits   0.10000000000000001       0.20000000000000001       0.50000000000000000        1.0000000000000000        2.0000000000000000        5.0000000000000000        10.000000000000000        15.000000000000000        20.000000000000000     
 Each class is data <= limit, the very last > last limit
 Total number of values      268077
                                                       OBSERVATION
                                 205418     2500     3751     3168     1684     1585      559      101       26       11 |    218803
                                   6419      391      661      630      422      366      133       24        6        3 |      9055
                                   7211      538     1062     1046      629      689      248       34       16        2 |     11475
                                   4551      440      915      960      709      762      242       50       14        2 |      8645
              43h22_ref_summer     3462      407      794     1040      921     1001      375       49       19        6 |      8074
                                   2566      324      702     1061     1175     1555      624      104       32       12 |      8155
                                    725       68      222      294      330      662      363      109       36       13 |      2822
                                    139       15       37       74       68      161      111       45       26        4 |       680
                                     46        3       10       21       17       32       46       24       10       10 |       219
                                     29        2       10       21       10       16       24       11       16       10 |       149

                    SUM          230566     4688     8164     8315     5965     6829     2725      551      201       73 |    268077
                                                       OBSERVATION
                                 216403     4046     6885     6843     4883     5518     2175      433      167       50 |    247403
                                   1802       61      111      126       51       54       23        4        0        0 |      2232
                                   2148      123      217      192      108      105       29        6        4        1 |      2933
                                   1684       87      191      196      136      131       49        5        4        0 |      2483
          val46h1rc1_summer_v1     1726       91      168      240      184      202       50       15        0        1 |      2677
                                   2615      113      214      295      278      350      132       15        5        5 |      4022
                                   1876       57      160      159      165      247      138       26       11        4 |      2843
                                    954       46       84      107       63       98       64       21        6        5 |      1448
                                    554       22       49       60       34       40       26       14        4        3 |       806
                                    804       42       85       97       63       84       39       12        0        4 |      1230

                    SUM          230566     4688     8164     8315     5965     6829     2725      551      201       73 |    268077
                                                       OBSERVATION
                                 216694     4057     6871     6853     4897     5534     2172      433      165       50 |    247726
                                   1771       68      140      124       66       49       13        2        0        0 |      2233
                                   2150      118      224      209      126      102       42        4        3        0 |      2978
                                   1702       93      182      199      123      140       37        7        3        0 |      2486
          val46h1rc1_summer_v2     1738       89      187      243      169      192       73       10        7        1 |      2709
                                   2561      106      181      269      255      368      164       24        4        3 |      3935
                                   1768       61      174      177      167      231       94       37        8        7 |      2724
                                    936       39       88       83       56       89       53       17        5        5 |      1371
                                    537       18       42       63       43       39       39        9        3        1 |       794
                                    709       39       75       95       63       85       38        8        3        6 |      1121

                    SUM          230566     4688     8164     8315     5965     6829     2725      551      201       73 |    268077

