 <pre>

 Contingency table for Cloud cover (octas)
 Selection: METCOOP     43 stations
Period: 20220701-20220731
Used {00,06,12,18} + 03 06 ... 48
 Limits   0.50000000000000000        1.5000000000000000        2.5000000000000000        3.5000000000000000        4.5000000000000000        5.5000000000000000        6.5000000000000000        7.5000000000000000     
 Each class is data <= limit, the very last > last limit
 Total number of values       43756
                                                       OBSERVATION
                                   1030      991      561      521      304      270      296      306      182 |      4461
                                    248      196      202      197      195      170      193      282      183 |      1866
                                    150      103      134      130      112      127      182      248      169 |      1355
                                    122       92       95       98      109      160      153      239      188 |      1256
              43h22_ref_summer       98       69       93      109      115      121      173      272      181 |      1231
                                     99       81       75       91      120      145      191      285      198 |      1285
                                    114       82       97      129      120      173      272      392      293 |      1672
                                    168      107      123      159      201      284      406      704      535 |      2687
                                    516      333      429      529      717     1173     2651     7089    14506 |     27943

                    SUM            2545     2054     1809     1963     1993     2623     4517     9817    16435 |     43756
                                                       OBSERVATION
                                   1353     1236      884      829      656      594      717     1076      731 |      8076
                                    144      123      137      150      163      195      244      405      353 |      1914
                                     84       85       64       89      104      119      151      292      232 |      1220
                                     72       56       52       71       69       89      132      257      221 |      1019
          val46h1rc1_summer_v1       75       51       57       70       77      117      146      237      177 |      1007
                                     79       44       62       65       81       92      151      243      182 |       999
                                     85       69       64       89       84      154      201      343      257 |      1346
                                    156       91       95       97      129      215      303      594      480 |      2160
                                    497      299      394      503      630     1048     2472     6370    13802 |     26015

                    SUM            2545     2054     1809     1963     1993     2623     4517     9817    16435 |     43756
                                                       OBSERVATION
                                   1051      983      570      518      319      275      294      306      187 |      4503
                                    266      188      203      208      162      185      202      295      192 |      1901
                                    127      124      149      138      123      122      162      236      165 |      1346
                                    130       96       96      127      101      148      173      234      165 |      1270
          val46h1rc1_summer_v2       98       75       72       91      119      138      160      260      193 |      1206
                                     76       83       78       86      129      145      202      284      211 |      1294
                                    120       87       81      108      124      170      237      418      307 |      1652
                                    163       89      125      147      195      276      402      701      528 |      2626
                                    514      329      435      540      721     1164     2685     7083    14487 |     27958

                    SUM            2545     2054     1809     1963     1993     2623     4517     9817    16435 |     43756

