 <pre>

 Contingency table for Cloud base (m)
 Selection: ALL    615 stations
Period: 20220701-20220731
Used {00,06,12,18} + 03 06 ... 48
 Limits    70.000000000000000        150.00000000000000        300.00000000000000        600.00000000000000        1000.0000000000000        1500.0000000000000        2500.0000000000000        5000.0000000000000     
 Each class is data <= limit, the very last > last limit
 Total number of values      569102
                                                       OBSERVATION
                                    846      954      942      417      262       68       59      128        5 |      3681
                                    527     1300     1879     1050      488      137      100      148       20 |      5649
                                    712     2626     6393     4321     2007      569      424      409       99 |     17560
                                    694     2233     9756    15388     7841     2406     1873     1165      213 |     41569
              43h22_ref_summer      448     1059     5051    13830    24493     9912     5320     2770     1023 |     63906
                                    367      706     3131     8029    20806    26051    14694     5703     1442 |     80929
                                    421      717     2636     7693    17493    16388    27774    15010     2348 |     90480
                                    361      586     1834     5179     9917     6293    10858    22622     2036 |     59686
                                   1742     1515     4553    14937    42367    31607    32523    44952    31446 |    205642

                    SUM            6118    11696    36175    70844   125674    93431    93625    92907    38632 |    569102
                                                       OBSERVATION
                                    725      800      769      367      240       45       51      153       11 |      3161
                                    534     1157     1608      845      442      108       83      118        9 |      4904
                                    684     2516     5597     3668     1710      468      340      315       43 |     15341
                                    625     2108     8542    11812     5561     1711     1239      802      137 |     32537
          val46h1rc1_summer_v1      438     1077     5016    11924    15934     5770     3253     1713      444 |     45569
                                    331      699     3322     8229    19052    20244    10407     3705      792 |     66781
                                    374      714     2783     7539    15901    16399    23839    11367     1664 |     80580
                                    293      598     2008     5250     8782     5697    10007    16745     1287 |     50667
                                   2114     2027     6530    21210    58052    42989    44406    57989    34245 |    269562

                    SUM            6118    11696    36175    70844   125674    93431    93625    92907    38632 |    569102
                                                       OBSERVATION
                                    763      901      910      418      266       52       51      149       11 |      3521
                                    540     1302     1875     1022      530      159      114      134       14 |      5690
                                    751     2672     6538     4565     2148      633      482      449       61 |     18299
                                    706     2338     9884    15513     8418     2682     2028     1294      214 |     43077
          val46h1rc1_summer_v2      462     1067     4953    13701    23531    10162     5559     2882      785 |     63102
                                    382      673     3095     7945    21273    25672    15400     6007     1400 |     81847
                                    415      674     2641     7854    17233    16140    27385    15232     2244 |     89818
                                    362      592     1845     5015     9813     6025    10811    22870     2066 |     59399
                                   1737     1477     4434    14811    42462    31906    31795    43890    31837 |    204349

                    SUM            6118    11696    36175    70844   125674    93431    93625    92907    38632 |    569102

