 <pre>

 Contingency table for 3h Precipitation (mm/3h)
 Selection: ALL    597 stations
Period: 20220701-20220731
Used {00,06,12,18} + 03 06 ... 48
 Limits   0.10000000000000001       0.20000000000000001       0.50000000000000000        1.0000000000000000        2.0000000000000000        5.0000000000000000        10.000000000000000        15.000000000000000        20.000000000000000     
 Each class is data <= limit, the very last > last limit
 Total number of values     1150263
                                                       OBSERVATION
                                 874017    12755    16132    12213     9811     9055     3182      741      179       54 |    938139
                                  29057     2055     3028     2487     2207     1765      538       91       26       10 |     41264
                                  31474     2743     4606     4064     3591     3154      938      166       47       13 |     50796
                                  19607     1971     3608     3710     3474     3184      947      145       62       13 |     36721
              43h22_ref_summer    15268     1638     3136     3903     4182     4183     1260      185       69       22 |     33846
                                  12065     1227     2707     3469     4676     6364     2453      393      122       48 |     33524
                                   3868      345      771      909     1406     2476     1573      423      163       51 |     11985
                                    788       76      140      175      278      520      391      176       76       13 |      2633
                                    237       24       48       57       61      127      137       65       36       23 |       815
                                    146       16       35       33       40       82       85       47       32       24 |       540

                    SUM          986527    22850    34211    31020    29726    30910    11504     2432      812      271 |   1150263
                                                       OBSERVATION
                                 780000    12551    16650    13890    12044    11610     4141      961      303       81 |    852231
                                  26567     1299     1907     1504     1255      981      294       56       11        7 |     33881
                                  34504     1930     3003     2512     2220     1828      528       94       31       11 |     46661
                                  27026     1411     2500     2447     2285     1978      556      107       32       12 |     38354
          val46h1rc1_summer_v1    26818     1388     2517     2829     2914     2796      888      123       37        8 |     40318
                                  37796     1735     3244     3398     4056     5144     1838      279       94       33 |     57617
                                  26995     1135     2052     2095     2399     3284     1567      351      111       38 |     40027
                                  12366      593     1020     1018     1057     1365      729      175       70       30 |     18423
                                   6485      325      544      538      607      758      416      125       53       21 |      9872
                                   7970      483      774      789      889     1166      547      161       70       30 |     12879

                    SUM          986527    22850    34211    31020    29726    30910    11504     2432      812      271 |   1150263
                                                       OBSERVATION
                                 781953    12585    16727    14158    12176    11821     4201      961      300       81 |    854963
                                  26441     1368     1903     1422     1230      949      297       55       11        8 |     33684
                                  35100     1911     3049     2527     2270     1756      555       97       26       12 |     47303
                                  26523     1391     2521     2412     2230     1958      592      120       32       12 |     37791
          val46h1rc1_summer_v2    27026     1451     2608     2854     2981     2874      870      121       45       19 |     40849
                                  37415     1702     3141     3330     4081     5116     1852      286      108       28 |     57059
                                  26982     1101     2041     2049     2349     3225     1526      345      113       41 |     39772
                                  11796      588      925     1017     1016     1353      710      184       65       26 |     17680
                                   5961      290      567      505      587      733      407      118       52       15 |      9235
                                   7330      463      729      746      806     1125      494      145       60       29 |     11927

                    SUM          986527    22850    34211    31020    29726    30910    11504     2432      812      271 |   1150263

