 <pre>

 Contingency table for Rh2m (%)
 Selection: Norway    221 stations
Period: 20220701-20220731
Used {00,06,12,18} + 03 06 ... 48
 Limits    30.000000000000000        50.000000000000000        65.000000000000000        75.000000000000000        85.000000000000000        95.000000000000000        100.00000000000000     
 Each class is data <= limit, the very last > last limit
 Total number of values      405722
                                              OBSERVATION
                                    153      409       19        1        2        0        0        0 |       584
                                    574    18920     5434      708      316       70        9        0 |     26031
                                     74    11892    26810     9451     3884     1350      151        0 |     53612
              43h22_ref_summer       16     1882    16728    21654    15508     6100      959        0 |     62847
                                      0      485     6849    21646    37513    24225     4135        0 |     94853
                                      1      186     2581     9391    29802    53781    15784        0 |    111526
                                      0       16      454     1511     7023    24836    19534        0 |     53374
                                      0        0       11       68      323      722     1771        0 |      2895

                    SUM             818    33790    58886    64430    94371   111084    42343        0 |    405722
                                              OBSERVATION
                                    172      347       16        0        1        0        0        0 |       536
                                    560    19358     5443      681      325       69        7        0 |     26443
                                     74    11784    28360    10411     4192     1433      185        0 |     56439
          val46h1rc1_summer_v1        7     1646    16360    22791    17016     6865     1048        0 |     65733
                                      4      451     5955    20520    37775    25078     4408        0 |     94191
                                      1      193     2327     8579    28257    53756    16168        0 |    109281
                                      0       11      414     1382     6511    23213    18980        0 |     50511
                                      0        0       11       66      294      670     1547        0 |      2588

                    SUM             818    33790    58886    64430    94371   111084    42343        0 |    405722
                                              OBSERVATION
                                    211      495       15        1        2        0        0        0 |       724
                                    518    19421     5751      748      350       76        8        0 |     26872
                                     77    11403    27177    10159     4074     1407      166        0 |     54463
          val46h1rc1_summer_v2        9     1811    16315    21772    16374     6625     1068        0 |     63974
                                      3      465     6685    21037    37206    24640     4265        0 |     94301
                                      0      181     2517     9151    29090    53464    15969        0 |    110372
                                      0       14      415     1510     6952    24142    19207        0 |     52240
                                      0        0       11       52      323      730     1660        0 |      2776

                    SUM             818    33790    58886    64430    94371   111084    42343        0 |    405722

