 <pre>

 Contingency table for Visibility (m)
 Selection: Finland     69 stations
Period: 20220701-20220731
Used {00,06,12,18} + 03 06 ... 48
 Limits    1000.0000000000000        5000.0000000000000        10000.000000000000        20000.000000000000     
 Each class is data <= limit, the very last > last limit
 Total number of values      132035
                                     OBSERVATION
                                     22       43       67      136      142 |       410
                                    263      711     1289     4119     6170 |     12552
              43h22_ref_summer       90      257      383     2133     6655 |      9518
                                    155      382      775     5802    24227 |     31341
                                     89      447      666    14435    62577 |     78214

                    SUM             619     1840     3180    26625    99771 |    132035
                                     OBSERVATION
                                      8       36       63      113      131 |       351
                                    255      670     1215     3878     5777 |     11795
          val46h1rc1_summer_v1      106      291      441     2094     6541 |      9473
                                    150      378      751     5785    23692 |     30756
                                    100      465      710    14755    63630 |     79660

                    SUM             619     1840     3180    26625    99771 |    132035
                                     OBSERVATION
                                     19       39       71      143      138 |       410
                                    239      701     1292     4266     6413 |     12911
          val46h1rc1_summer_v2      119      264      384     2185     7007 |      9959
                                    154      407      776     5913    24245 |     31495
                                     88      429      657    14118    61968 |     77260

                    SUM             619     1840     3180    26625    99771 |    132035

