 <pre>

 Contingency table for clouds <7500m (octas)
 Selection: METCOOP    177 stations
Period: 20220701-20220731
Used {00,06,12,18} + 03 06 ... 48
 Limits    1.0000000000000000        2.0000000000000000        3.0000000000000000        4.0000000000000000        5.0000000000000000        6.0000000000000000        7.0000000000000000     
 Each class is data <= limit, the very last > last limit
 Total number of values      210495
                                              OBSERVATION
                                  29169     3298     3274     2376     2905     2105     5089     5367 |     53583
                                   3112      651      950      615      919      785     2045     2020 |     11097
                                   2652      629      864      613      872      695     2106     1995 |     10426
              43h22_ref_summer     2644      740      999      730     1122      868     2586     2376 |     12065
                                   2450      617      955      756     1159      997     2907     2860 |     12701
                                   2271      671     1022      765     1298     1068     3505     3459 |     14059
                                   3026      779     1306      998     1775     1516     5921     6453 |     21774
                                   5009     1518     2961     2241     4626     3707    20307    34421 |     74790

                    SUM           50333     8903    12331     9094    14676    11741    44466    58951 |    210495
                                              OBSERVATION
                                  35715     4745     5372     3809     5005     3944    10470    10895 |     79955
                                   1803      465      674      500      716      632     1887     1812 |      8489
                                   1356      375      507      392      607      539     1498     1437 |      6711
          val46h1rc1_summer_v1     1119      326      487      342      602      482     1462     1304 |      6124
                                   1126      346      478      370      609      523     1549     1502 |      6503
                                   1396      362      562      442      744      563     2009     1933 |      8011
                                   2045      582      970      748     1277     1021     3704     3969 |     14316
                                   5773     1702     3281     2491     5116     4037    21887    36099 |     80386

                    SUM           50333     8903    12331     9094    14676    11741    44466    58951 |    210495
                                              OBSERVATION
                                  28762     3212     3255     2290     2771     2166     4672     5009 |     52137
                                   3126      668      911      637      818      684     1924     1960 |     10728
                                   2603      617      788      576      869      704     1970     1941 |     10068
          val46h1rc1_summer_v2     2668      623      947      717     1024      899     2374     2325 |     11577
                                   2368      668     1021      722     1191      891     2812     2664 |     12337
                                   2224      687     1015      796     1262     1014     3503     3492 |     13993
                                   3235      814     1381     1059     1844     1590     5809     6205 |     21937
                                   5347     1614     3013     2297     4897     3793    21402    35355 |     77718

                    SUM           50333     8903    12331     9094    14676    11741    44466    58951 |    210495

