 <pre>

 Contingency table for Cloud base (m)
 Selection: METCOOP    237 stations
Period: 20220701-20220731
Used {00,06,12,18} + 03 06 ... 48
 Limits    70.000000000000000        150.00000000000000        300.00000000000000        600.00000000000000        1000.0000000000000        1500.0000000000000        2500.0000000000000        5000.0000000000000     
 Each class is data <= limit, the very last > last limit
 Total number of values      227907
                                                       OBSERVATION
                                    404      599      729      182       95       47       43       26        9 |      2134
                                    238      610      938      360       99       60       71       48       20 |      2444
                                    303     1140     2757     1492      409      254      285      163       73 |      6876
                                    366     1008     5031     6290     2599     1087     1113      527      279 |     18300
              43h22_ref_summer      237      523     2831     5447     6910     3871     2727     1266     1088 |     24900
                                    212      413     1798     2713     4372     9688     7476     2712     1932 |     31316
                                    246      351     1323     2238     2802     5475    13572     6176     3573 |     35756
                                    200      281      890     1390     1583     2188     5174     7386     2001 |     21093
                                    943      705     2279     4616     6369     8382    15377    14093    32324 |     85088

                    SUM            3149     5630    18576    24728    25238    31052    45838    32397    41299 |    227907
                                                       OBSERVATION
                                    349      507      637      172       65       34       30       24       10 |      1828
                                    251      574      806      304       99       53       56       37       12 |      2192
                                    292     1113     2490     1265      327      193      241      129       56 |      6106
                                    317      906     4298     4874     1849      819      826      354      182 |     14425
          val46h1rc1_summer_v1      238      519     2708     4858     5057     2402     1785      865      549 |     18981
                                    198      396     1893     2924     4514     7947     5187     1809     1205 |     26073
                                    198      373     1402     2265     2806     5910    11785     4944     2574 |     32257
                                    166      319      987     1432     1534     2142     4778     5728     1304 |     18390
                                   1140      923     3355     6634     8987    11552    21150    18507    35407 |    107655

                    SUM            3149     5630    18576    24728    25238    31052    45838    32397    41299 |    227907
                                                       OBSERVATION
                                    385      583      732      192       87       43       33       25       15 |      2095
                                    245      674      958      376      144       83       85       51       21 |      2637
                                    329     1186     2925     1684      457      270      337      185       79 |      7452
                                    373     1013     5116     6472     2970     1336     1297      619      330 |     19526
          val46h1rc1_summer_v2      228      538     2767     5229     6960     4294     2995     1427     1071 |     25509
                                    231      360     1715     2701     4311     9601     7942     2877     2115 |     31853
                                    235      329     1297     2190     2683     5323    13417     6315     3651 |     35440
                                    202      293      904     1317     1544     2038     5107     7469     1997 |     20871
                                    921      654     2162     4567     6082     8064    14625    13429    32020 |     82524

                    SUM            3149     5630    18576    24728    25238    31052    45838    32397    41299 |    227907

