 <pre>

 Contingency table for Visibility (m)
 Selection: Estonia     22 stations
Period: 20220701-20220717
Used {00,06,12,18} + 03 06 ... 48
 Limits    1000.0000000000000        5000.0000000000000        10000.000000000000        20000.000000000000     
 Each class is data <= limit, the very last > last limit
 Total number of values       22732
                                     OBSERVATION
                                      4        0        0       11        1 |        16
                                     94       72      169     1280      588 |      2203
              43h22_ref_summer       51       43      100     1717     1102 |      3013
                                      4       41       77     3218     3377 |      6717
                                     15       20      110     4068     6570 |     10783

                    SUM             168      176      456    10294    11638 |     22732
                                     OBSERVATION
                                      6        0        1        7        2 |        16
                                     95       79      167     1198      508 |      2047
             val46h1rc1_summer       45       33      100     1748     1054 |      2980
                                      8       45       83     3241     3370 |      6747
                                     14       19      105     4100     6704 |     10942

                    SUM             168      176      456    10294    11638 |     22732

