 <pre>

 Contingency table for Visibility (m)
 Selection: Finland     69 stations
Period: 20220701-20220717
Used {00,06,12,18} + 03 06 ... 48
 Limits    1000.0000000000000        5000.0000000000000        10000.000000000000        20000.000000000000     
 Each class is data <= limit, the very last > last limit
 Total number of values       71275
                                     OBSERVATION
                                     21        9       28       69       40 |       167
                                    200      332      595     2227     3262 |      6616
              43h22_ref_summer       50      107      197     1029     3500 |      4883
                                     85      192      338     2860    12567 |     16042
                                     58      163      399     7674    35273 |     43567

                    SUM             414      803     1557    13859    54642 |     71275
                                     OBSERVATION
                                      8        4       24       49       25 |       110
                                    187      301      566     2042     2988 |      6084
             val46h1rc1_summer       69      127      214      999     3335 |      4744
                                     87      198      340     2889    12237 |     15751
                                     63      173      413     7880    36057 |     44586

                    SUM             414      803     1557    13859    54642 |     71275

