 <pre>

 Contingency table for Low clouds (octas)
 Selection: Finland     69 stations
Period: 20220701-20220710
Used {00,06,12,18} + 03 06 ... 48
 Limits    1.0000000000000000        2.0000000000000000        3.0000000000000000        4.0000000000000000        5.0000000000000000        6.0000000000000000        7.0000000000000000     
 Each class is data <= limit, the very last > last limit
 Total number of values       37624
                                              OBSERVATION
                                  16506      602      730      338      389      191      634      318 |     19708
                                   1637      114      175       67      111       55      185      109 |      2453
                                   1202       94      138       57       98       47      168       94 |      1898
              43h22_ref_summer     1005      101      140       61       93       48      172       85 |      1705
                                    954      111      162       71      118       60      198       87 |      1761
                                    967      123      190       68      117       67      272       87 |      1891
                                   1089      104      223       80      170       92      353      118 |      2229
                                   2349      250      477      169      427      177     1144      986 |      5979

                    SUM           25709     1499     2235      911     1523      737     3126     1884 |     37624
                                              OBSERVATION
                                  21097      961     1262      537      755      345     1299      692 |     26948
                                    605       63      101       50       69       46      158       78 |      1170
                                    366       54       80       39       51       43      110       47 |       790
             val46h1rc1_summer      334       56       76       28       52       34      111       32 |       723
                                    303       50       78       30       53       36       94       41 |       685
                                    391       42       84       32       56       30      115       42 |       792
                                    556       70       80       34       74       40      198       60 |      1112
                                   2057      203      474      161      413      163     1041      892 |      5404

                    SUM           25709     1499     2235      911     1523      737     3126     1884 |     37624

