 <pre>

 Contingency table for Visibility (m)
 Selection: ALL    699 stations
Period: 20220701-20220717
Used {00,06,12,18} + 03 06 ... 48
 Limits    1000.0000000000000        5000.0000000000000        10000.000000000000        20000.000000000000     
 Each class is data <= limit, the very last > last limit
 Total number of values      691763
                                     OBSERVATION
                                    704      523      452      812      562 |      3053
                                   1800     6375     8673    18023    18406 |     53277
              43h22_ref_summer      826     4151     8097    22538    31863 |     67475
                                   1115     4860    14846    52029   129752 |    202602
                                    816     2933    19160    73689   268758 |    365356

                    SUM            5261    18842    51228   167091   449341 |    691763
                                     OBSERVATION
                                    622      467      386      772      472 |      2719
                                   1857     6410     8714    17488    17393 |     51862
             val46h1rc1_summer      848     4196     8303    22063    30956 |     66366
                                   1094     4781    14901    52074   126090 |    198940
                                    840     2988    18924    74694   274430 |    371876

                    SUM            5261    18842    51228   167091   449341 |    691763

