 <pre>

 Contingency table for Cloud cover (octas)
 Selection: Sweden    106 stations
Period: 20220701-20220731
Used {00,06,12,18} + 03 06 ... 48
 Limits   0.50000000000000000        1.5000000000000000        2.5000000000000000        3.5000000000000000        4.5000000000000000        5.5000000000000000        6.5000000000000000        7.5000000000000000     
 Each class is data <= limit, the very last > last limit
 Total number of values      149001
                                                       OBSERVATION
                                   4132     2236     1213      939      760      732      724      867     1537 |     13140
                                    908     1116      721      710      605      603      537      810     1469 |      7479
                                    503      789      499      463      449      464      447      685     1304 |      5603
                                    408      644      412      430      392      429      445      689     1140 |      4989
              43h22_ref_summer      428      635      441      526      414      494      472      745     1322 |      5477
                                    391      701      489      539      527      577      535      938     1607 |      6304
                                    464      837      563      656      624      738      715     1124     2115 |      7836
                                    579     1238      792      973      877     1130     1125     1988     3751 |     12453
                                   1740     5081     3238     4378     3957     6099     6109    13166    41952 |     85720

                    SUM            9553    13277     8368     9614     8605    11266    11109    21012    56197 |    149001
                                                       OBSERVATION
                                   5358     4260     2458     2287     1896     2033     1966     2816     5305 |     28379
                                    600      885      621      651      612      694      692     1041     1988 |      7784
                                    339      536      377      452      421      461      434      772     1343 |      5135
                                    284      475      319      358      346      371      374      584     1150 |      4261
             val46h1rc1_summer      229      452      316      342      329      375      418      621     1119 |      4201
                                    263      460      317      370      353      394      418      683     1297 |      4555
                                    317      534      380      451      396      484      487      863     1598 |      5510
                                    539      920      635      664      627      734      772     1477     2900 |      9268
                                   1624     4755     2945     4039     3625     5720     5548    12155    39497 |     79908

                    SUM            9553    13277     8368     9614     8605    11266    11109    21012    56197 |    149001

