 <pre>

 Contingency table for Cloud base (m)
 Selection: Finland     70 stations
Period: 20220701-20220731
Used {00,06,12,18} + 03 06 ... 48
 Limits    70.000000000000000        150.00000000000000        300.00000000000000        600.00000000000000        1000.0000000000000        1500.0000000000000        2500.0000000000000        5000.0000000000000     
 Each class is data <= limit, the very last > last limit
 Total number of values       86172
                                                       OBSERVATION
                                     86      128      124       42       17        7       14        4        7 |       429
                                     52      168      304      128       23       14       35       19       12 |       755
                                     74      362      913      532      149      101      158       95       52 |      2436
                                     67      349     1464     2166      953      429      502      251      200 |      6381
              43h22_ref_summer       55      183      704     1754     2340     1134     1158      629      826 |      8783
                                     48      170      497      841     1696     2869     2935     1179     1435 |     11670
                                     50      130      427      791     1048     1730     4606     2118     2365 |     13265
                                     44      108      267      388      541      770     1956     2473     1129 |      7676
                                    298      172      544     1141     1532     1990     4709     4324    20067 |     34777

                    SUM             774     1770     5244     7783     8299     9044    16073    11092    26093 |     86172
                                                       OBSERVATION
                                     67      125      104       41        6        5        9        7        2 |       366
                                     57      136      253      109       18       14       28       18        6 |       639
                                     58      343      794      474       96       78      131       75       41 |      2090
                                     52      297     1227     1631      679      288      389      170      143 |      4876
          val46h1rc1_summer_v1       60      189      736     1635     1575      708      791      423      404 |      6521
                                     34      137      511      949     1836     2340     2094      856      888 |      9645
                                     49      159      468      823     1110     1886     4143     1679     1721 |     12038
                                     46      121      338      444      538      711     1833     2033      719 |      6783
                                    351      263      813     1677     2441     3014     6655     5831    22169 |     43214

                    SUM             774     1770     5244     7783     8299     9044    16073    11092    26093 |     86172
                                                       OBSERVATION
                                     72      131      138       53       15        3       14        5        5 |       436
                                     50      183      299      120       34       21       44       25       12 |       788
                                     83      379      982      648      189      117      186       94       58 |      2736
                                     70      373     1522     2287     1127      544      636      305      246 |      7110
          val46h1rc1_summer_v2       52      187      684     1647     2334     1269     1306      720      817 |      9016
                                     40      145      455      878     1706     2891     3172     1236     1542 |     12065
                                     63      110      409      728      968     1710     4478     2116     2476 |     13058
                                     57      101      298      378      524      645     1930     2509     1147 |      7589
                                    287      161      457     1044     1402     1844     4307     4082    19790 |     33374

                    SUM             774     1770     5244     7783     8299     9044    16073    11092    26093 |     86172

