 <pre>

 Contingency table for Visibility (m)
 Selection: Norway     38 stations
Period: 20220701-20220717
Used {00,06,12,18} + 03 06 ... 48
 Limits    1000.0000000000000        5000.0000000000000        10000.000000000000        20000.000000000000     
 Each class is data <= limit, the very last > last limit
 Total number of values       24433
                                     OBSERVATION
                                    296      195      123      144       80 |       838
                                    154      248      409      461      504 |      1776
              43h22_ref_summer       25      145      247      587      811 |      1815
                                     29      247      681     1451     5246 |      7654
                                     42      172      646     1371    10119 |     12350

                    SUM             546     1007     2106     4014    16760 |     24433
                                     OBSERVATION
                                    268      184       94      145       63 |       754
                                    186      249      389      448      478 |      1750
             val46h1rc1_summer       18      146      278      562      710 |      1714
                                     31      248      682     1421     4999 |      7381
                                     43      180      663     1438    10510 |     12834

                    SUM             546     1007     2106     4014    16760 |     24433

