 <pre>

 Contingency table for Low clouds (octas)
 Selection: ALL    627 stations
Period: 20220701-20220710
Used {00,06,12,18} + 03 06 ... 48
 Limits    1.0000000000000000        2.0000000000000000        3.0000000000000000        4.0000000000000000        5.0000000000000000        6.0000000000000000        7.0000000000000000     
 Each class is data <= limit, the very last > last limit
 Total number of values      294573
                                              OBSERVATION
                                  84867    13492     9180     5632     5526     5224     5117     4488 |    133526
                                   8093     2036     1752     1224     1248     1200     1320     1232 |     18105
                                   5668     1498     1434     1026      959      972     1150     1053 |     13760
              43h22_ref_summer     4965     1588     1458     1052     1094      963     1168     1115 |     13403
                                   4663     1583     1511     1212     1117     1033     1245     1218 |     13582
                                   4418     1615     1673     1242     1216     1199     1495     1534 |     14392
                                   5384     1997     2067     1571     1600     1618     2391     2330 |     18958
                                  11963     6000     6211     4878     5339     5876    11562    17018 |     68847

                    SUM          130021    29809    25286    17837    18099    18085    25448    29988 |    294573
                                              OBSERVATION
                                 107555    19523    14655     9589     9487     9027     9595     8976 |    188407
                                   2616     1044     1024      889      791      742      939     1000 |      9045
                                   1739      749      730      614      590      557      679      697 |      6355
             val46h1rc1_summer     1553      745      697      552      550      517      670      620 |      5904
                                   1499      663      708      540      511      502      700      670 |      5793
                                   1903      770      750      557      566      560      849      855 |      6810
                                   2747      993     1067      785      837      826     1347     1384 |      9986
                                  10409     5322     5655     4311     4767     5354    10669    15786 |     62273

                    SUM          130021    29809    25286    17837    18099    18085    25448    29988 |    294573

