 <pre>

 Contingency table for Cloud cover (octas)
 Selection: ALL    610 stations
Period: 20220701-20220731
Used {00,06,12,18} + 03 06 ... 48
 Limits   0.50000000000000000        1.5000000000000000        2.5000000000000000        3.5000000000000000        4.5000000000000000        5.5000000000000000        6.5000000000000000        7.5000000000000000     
 Each class is data <= limit, the very last > last limit
 Total number of values     1022995
                                                       OBSERVATION
                                  68428    17006    16231     9448     5432     7469     7921     5913     8862 |    146710
                                  15076     6024     6375     5108     3365     4893     6076     5715     7967 |     60599
                                   8209     3742     3945     3432     2383     3678     4817     4962     7240 |     42408
                                   6578     3181     3148     3029     2069     3368     4545     4727     6968 |     37613
              43h22_ref_summer     6085     3099     3154     3080     2156     3590     4937     5265     7751 |     39117
                                   6023     3167     3250     3369     2535     4057     5578     6661     9480 |     44120
                                   7004     3784     3578     3884     2976     5062     7211     8807    13166 |     55472
                                  10256     5510     5175     5679     4425     7717    11077    15398    23646 |     88883
                                  24712    18281    14569    18594    14493    29201    45965   112809   229449 |    508073

                    SUM          152371    63794    59425    55623    39834    69035    98127   170257   314529 |   1022995
                                                       OBSERVATION
                                  90737    27273    26550    18582    11541    16770    19912    19913    27955 |    259233
                                   8627     4379     4510     4310     3202     5158     6859     7889    11454 |     56388
                                   5017     2637     2658     2666     2013     3313     4409     5440     7895 |     36048
                                   4142     2154     2085     2151     1690     2685     3860     4560     6867 |     30194
             val46h1rc1_summer     3804     2050     1992     2137     1599     2718     3746     4624     6850 |     29520
                                   3994     2045     2055     2133     1592     2798     3792     5135     7905 |     31449
                                   5298     2512     2546     2669     2034     3484     5077     6853    10646 |     41119
                                   8409     4203     3930     4109     3180     5541     8145    12174    19673 |     69364
                                  22343    16541    13099    16866    12983    26568    42327   103669   215284 |    469680

                    SUM          152371    63794    59425    55623    39834    69035    98127   170257   314529 |   1022995

