 <pre>

 Contingency table for Rh2m (%)
 Selection: Norway    214 stations
Period: 20220701-20220710
Used {00,06,12,18} + 03 06 ... 48
 Limits    30.000000000000000        50.000000000000000        65.000000000000000        75.000000000000000        85.000000000000000        95.000000000000000        100.00000000000000     
 Each class is data <= limit, the very last > last limit
 Total number of values      124327
                                              OBSERVATION
                                     27      116        2        0        0        0        0        0 |       145
                                    103     5356     1260      133       45        3        0        0 |      6900
                                     11     3435     8190     2535      955      297       33        0 |     15456
              43h22_ref_summer        6      492     5194     6479     4908     1641      183        0 |     18903
                                      0      125     2394     6695    12235     7754     1168        0 |     30371
                                      0       45     1009     3196     9919    16425     5228        0 |     35822
                                      0        4      122      384     2126     7466     6204        0 |     16306
                                      0        0        1       12       71      129      211        0 |       424

                    SUM             147     9573    18172    19434    30259    33715    13027        0 |    124327
                                              OBSERVATION
                                     35      117        4        0        0        0        0        0 |       156
                                     96     5355     1195      128       53        4        0        0 |      6831
                                     11     3418     8522     2691     1002      294       38        0 |     15976
             val46h1rc1_summer        5      472     5299     6861     5284     1770      193        0 |     19884
                                      0      142     2127     6445    12194     7822     1198        0 |     29928
                                      0       61      888     2929     9654    16626     5241        0 |     35399
                                      0        8      137      366     2017     7063     6154        0 |     15745
                                      0        0        0       14       55      136      203        0 |       408

                    SUM             147     9573    18172    19434    30259    33715    13027        0 |    124327

