 <pre>

 Contingency table for Cloud base (m)
 Selection: METCOOP    224 stations
Period: 20220701-20220731
Used {00,06,12,18} + 03 06 ... 48
 Limits    70.000000000000000        150.00000000000000        300.00000000000000        600.00000000000000        1000.0000000000000        1500.0000000000000        2500.0000000000000        5000.0000000000000     
 Each class is data <= limit, the very last > last limit
 Total number of values      195230
                                                       OBSERVATION
                                    432      625      644      157       79       35       39       26        2 |      2039
                                    250      630      974      367       93       56       71       48        7 |      2496
                                    310     1174     2810     1530      412      264      293      164       27 |      6984
                                    364     1035     5203     6473     2623     1106     1146      533       71 |     18554
              43h22_ref_summer      245      524     2868     5491     6979     3913     2773     1274      216 |     24283
                                    218      414     1828     2747     4340     9804     7593     2744      418 |     30106
                                    250      348     1358     2241     2811     5512    13690     6208      771 |     33189
                                    201      277      902     1416     1587     2197     5198     7412      805 |     19995
                                    950      704     2286     4666     6344     8439    15364    14160     4671 |     57584

                    SUM            3220     5731    18873    25088    25268    31326    46167    32569     6988 |    195230
                                                       OBSERVATION
                                    376      531      541      144       55       23       31       24        5 |      1730
                                    265      594      841      311       94       50       55       37        1 |      2248
                                    295     1142     2532     1295      330      196      248      129       18 |      6185
                                    315      929     4443     5032     1870      828      843      358       41 |     14659
             val46h1rc1_summer      245      526     2786     4902     5087     2429     1808      871      131 |     18785
                                    203      399     1931     2954     4510     8016     5267     1827      301 |     25408
                                    205      372     1423     2281     2800     5970    11909     4981      568 |     30509
                                    167      312     1001     1455     1530     2152     4816     5759      523 |     17715
                                   1149      926     3375     6714     8992    11662    21190    18583     5400 |     77991

                    SUM            3220     5731    18873    25088    25268    31326    46167    32569     6988 |    195230

