 <pre>

 Contingency table for Cloud cover (octas)
 Selection: ALL    609 stations
Period: 20220701-20220710
Used {00,06,12,18} + 03 06 ... 48
 Limits   0.50000000000000000        1.5000000000000000        2.5000000000000000        3.5000000000000000        4.5000000000000000        5.5000000000000000        6.5000000000000000        7.5000000000000000     
 Each class is data <= limit, the very last > last limit
 Total number of values      317084
                                                       OBSERVATION
                                  19140     5272     5028     3174     1709     2554     2873     2025     2707 |     44482
                                   4990     2240     2100     1847     1201     1785     2138     2059     2388 |     20748
                                   2597     1393     1330     1255      868     1313     1689     1692     2166 |     14303
                                   2069     1169     1079     1142      746     1219     1574     1662     2034 |     12694
              43h22_ref_summer     2014     1146     1072     1131      765     1320     1734     1853     2293 |     13328
                                   1904     1165     1189     1303      948     1486     2000     2312     2782 |     15089
                                   2115     1403     1324     1413     1044     1823     2682     3060     3749 |     18613
                                   2983     2033     1811     2143     1634     2716     4041     5106     6472 |     28939
                                   7740     6592     5100     6651     5248     9800    15614    34043    58100 |    148888

                    SUM           45552    22413    20033    20059    14163    24016    34345    53812    82691 |    317084
                                                       OBSERVATION
                                  27705     9570     8682     6734     4160     6051     7160     7175     8642 |     85879
                                   2572     1580     1506     1617     1117     1839     2429     2673     3300 |     18633
                                   1424      955      904      975      725     1201     1517     1856     2214 |     11771
                                   1171      696      748      786      604      913     1338     1575     1874 |      9705
             val46h1rc1_summer     1069      718      728      771      548      984     1373     1552     1864 |      9607
                                   1117      718      721      771      553      939     1411     1674     2162 |     10066
                                   1418      851      859      980      707     1188     1798     2263     2911 |     12975
                                   2225     1440     1325     1428     1076     1922     2878     3857     5130 |     21281
                                   6851     5885     4560     5997     4673     8979    14441    31187    54594 |    137167

                    SUM           45552    22413    20033    20059    14163    24016    34345    53812    82691 |    317084

