 <pre>

 Contingency table for clouds <7500m (octas)
 Selection: Sweden    108 stations
Period: 20220701-20220731
Used {00,06,12,18} + 03 06 ... 48
 Limits    1.0000000000000000        2.0000000000000000        3.0000000000000000        4.0000000000000000        5.0000000000000000        6.0000000000000000        7.0000000000000000     
 Each class is data <= limit, the very last > last limit
 Total number of values      113468
                                              OBSERVATION
                                   9925     2399     2080     1758     1755     1571     2385     4369 |     26242
                                   1132      464      537      424      540      575      876     1583 |      6131
                                    963      447      515      452      501      521      872     1554 |      5825
              43h22_ref_summer     1048      529      618      530      651      636     1044     1826 |      6882
                                    948      428      530      525      654      696     1165     2157 |      7103
                                    792      446      576      545      703      753     1380     2534 |      7729
                                   1047      493      732      712      976     1044     2060     4593 |     11657
                                   2116     1083     1682     1623     2712     2692     6249    23742 |     41899

                    SUM           17971     6289     7270     6569     8492     8488    16031    42358 |    113468
                                              OBSERVATION
                                  12182     3372     3275     2756     2980     2889     4477     8564 |     40495
                                    694      336      402      371      430      450      748     1382 |      4813
                                    529      265      295      286      340      393      604     1075 |      3787
          val46h1rc1_summer_v1      482      230      291      272      340      358      626      992 |      3591
                                    438      245      267      263      341      386      620     1163 |      3723
                                    525      256      315      326      392      418      807     1446 |      4485
                                    732      379      531      518      704      736     1359     2911 |      7870
                                   2389     1206     1894     1777     2965     2858     6790    24825 |     44704

                    SUM           17971     6289     7270     6569     8492     8488    16031    42358 |    113468
                                              OBSERVATION
                                   9903     2335     2114     1692     1703     1648     2222     4098 |     25715
                                   1136      491      528      469      473      490      856     1548 |      5991
                                    954      451      457      415      499      496      866     1548 |      5686
          val46h1rc1_summer_v2      939      428      546      508      606      655     1020     1782 |      6484
                                    857      472      590      517      649      640     1120     2051 |      6896
                                    816      443      572      574      703      714     1329     2639 |      7790
                                   1122      555      754      753      991     1110     2046     4456 |     11787
                                   2244     1114     1709     1641     2868     2735     6572    24236 |     43119

                    SUM           17971     6289     7270     6569     8492     8488    16031    42358 |    113468

