 <pre>

 Contingency table for Low clouds (octas)
 Selection: Finland     69 stations
Period: 20220701-20220717
Used {00,06,12,18} + 03 06 ... 48
 Limits    1.0000000000000000        2.0000000000000000        3.0000000000000000        4.0000000000000000        5.0000000000000000        6.0000000000000000        7.0000000000000000     
 Each class is data <= limit, the very last > last limit
 Total number of values       66662
                                              OBSERVATION
                                  22604      822     1065      513      675      307     1196      696 |     27878
                                   2714      197      326      129      245       96      392      277 |      4376
                                   2005      146      258      102      197       88      353      256 |      3405
              43h22_ref_summer     1720      159      247      107      205       93      408      233 |      3172
                                   1624      170      272      129      242      115      451      260 |      3263
                                   1654      183      305      124      235      114      575      304 |      3494
                                   1970      208      414      157      367      183      823      421 |      4543
                                   5257      566     1210      419     1223      600     3898     3358 |     16531

                    SUM           39548     2451     4097     1680     3389     1596     8096     5805 |     66662
                                              OBSERVATION
                                  30385     1446     2099      907     1464      638     2790     1778 |     41507
                                   1014      107      187       82      153       86      378      203 |      2210
                                    649       74      137       71      105       70      242      150 |      1498
             val46h1rc1_summer      570       71      127       52      117       54      229      126 |      1346
                                    547       70      122       53      108       61      235      114 |      1310
                                    686       67      143       58      117       59      265      151 |      1546
                                    978      116      189       74      172       87      468      218 |      2302
                                   4719      500     1093      383     1153      541     3489     3065 |     14943

                    SUM           39548     2451     4097     1680     3389     1596     8096     5805 |     66662

