 <pre>

 Contingency table for Visibility (m)
 Selection: Estonia     22 stations
Period: 20220701-20220731
Used {00,06,12,18} + 03 06 ... 48
 Limits    1000.0000000000000        5000.0000000000000        10000.000000000000        20000.000000000000     
 Each class is data <= limit, the very last > last limit
 Total number of values       41890
                                     OBSERVATION
                                      6        1        0       19        2 |        28
                                    142      105      269     1878      796 |      3190
              43h22_ref_summer       61       83      189     3091     1993 |      5417
                                     24      100      195     6245     6476 |     13040
                                     31       55      193     7983    11953 |     20215

                    SUM             264      344      846    19216    21220 |     41890
                                     OBSERVATION
                                     14        0        0       14        3 |        31
                                    146      109      276     1912      757 |      3200
          val46h1rc1_summer_v1       43       73      194     3184     1907 |      5401
                                     31      100      181     6234     6325 |     12871
                                     30       62      195     7872    12228 |     20387

                    SUM             264      344      846    19216    21220 |     41890
                                     OBSERVATION
                                     14        1        4       11        2 |        32
                                    137      102      255     1848      755 |      3097
          val46h1rc1_summer_v2       58       83      199     3158     1994 |      5492
                                     26      103      206     6147     6396 |     12878
                                     29       55      182     8052    12073 |     20391

                    SUM             264      344      846    19216    21220 |     41890

