 <pre>

 Contingency table for Cloud base (m)
 Selection: ALL    615 stations
Period: 20220701-20220710
Used {00,06,12,18} + 03 06 ... 48
 Limits    70.000000000000000        150.00000000000000        300.00000000000000        600.00000000000000        1000.0000000000000        1500.0000000000000        2500.0000000000000        5000.0000000000000     
 Each class is data <= limit, the very last > last limit
 Total number of values      175624
                                                       OBSERVATION
                                    333      194      144       80       51       13       14       51        2 |       882
                                    169      261      382      221      100       27       17       30        2 |      1209
                                    191      535     1393     1063      480      125      122       91       28 |      4028
                                    218      583     2735     4080     2145      578      563      328       70 |     11300
              43h22_ref_summer      120      262     1458     4214     7975     3332     1927      896      433 |     20617
                                    120      189      932     2571     6326     8831     5405     1833      541 |     26748
                                    105      184      765     2337     5800     6014    10752     4973      839 |     31769
                                     72       81      453     1475     3204     2067     2901     4575      460 |     15288
                                    389      320     1442     5326    14855    11094    12525    13405     4427 |     63783

                    SUM            1717     2609     9704    21367    40936    32081    34226    26182     6802 |    175624
                                                       OBSERVATION
                                    284      165      123       73       56        6       11       71        2 |       791
                                    171      252      332      181      126       17       18       22        2 |      1121
                                    196      524     1278      886      382      110      117       81        8 |      3582
                                    211      525     2297     3004     1497      410      386      224       38 |      8592
             val46h1rc1_summer      114      256     1376     3534     5093     1843     1052      585      207 |     14060
                                    100      166      997     2582     5917     6976     3897     1171      337 |     22143
                                     95      173      767     2218     4985     6004     9067     3699      566 |     27574
                                     63       83      494     1474     2790     1832     2975     3838      359 |     13908
                                    483      465     2040     7415    20090    14883    16703    16491     5283 |     83853

                    SUM            1717     2609     9704    21367    40936    32081    34226    26182     6802 |    175624

