 <pre>

 Contingency table for Cloud cover (octas)
 Selection: Finland     69 stations
Period: 20220701-20220731
Used {00,06,12,18} + 03 06 ... 48
 Limits   0.50000000000000000        1.5000000000000000        2.5000000000000000        3.5000000000000000        4.5000000000000000        5.5000000000000000        6.5000000000000000        7.5000000000000000     
 Each class is data <= limit, the very last > last limit
 Total number of values      132115
                                                       OBSERVATION
                                  10213     1099      433      485      288      371      178      675      295 |     14037
                                   3230      775      279      409      192      299      188      890      321 |      6583
                                   1981      501      181      322      172      280      148      809      320 |      4714
                                   1691      525      169      305      141      276      162      814      335 |      4418
              43h22_ref_summer     1550      560      180      326      144      305      144      951      346 |      4506
                                   1553      577      205      362      176      425      211     1252      431 |      5192
                                   1956      759      241      505      257      521      273     1653      694 |      6859
                                   2980     1166      396      749      432      909      505     3020     1261 |     11418
                                   7608     4631     1452     3490     1749     4997     2697    28568    19196 |     74388

                    SUM           32762    10593     3536     6953     3551     8383     4506    38632    23199 |    132115
                                                       OBSERVATION
                                  15056     2580     1003     1363      700     1088      645     3151     1238 |     26824
                                   2146      744      251      457      252      453      247     1470      615 |      6635
                                   1366      473      150      287      139      322      151     1024      428 |      4340
                                   1088      382      142      246      120      264      152      877      403 |      3674
             val46h1rc1_summer     1065      381      139      249      123      282      158      852      358 |      3607
                                   1130      406      138      264      128      308      184      964      435 |      3957
                                   1541      510      179      322      154      389      201     1295      521 |      5112
                                   2565      897      259      566      312      715      324     2458     1030 |      9126
                                   6805     4220     1275     3199     1623     4562     2444    26541    18171 |     68840

                    SUM           32762    10593     3536     6953     3551     8383     4506    38632    23199 |    132115

