 <pre>

 Contingency table for Visibility (m)
 Selection: Sweden    157 stations
Period: 20220701-20220710
Used {00,06,12,18} + 03 06 ... 48
 Limits    1000.0000000000000        5000.0000000000000        10000.000000000000        20000.000000000000     
 Each class is data <= limit, the very last > last limit
 Total number of values       92113
                                     OBSERVATION
                                     43       78       89      104      143 |       457
                                    214      693      886     1527     4369 |      7689
              43h22_ref_summer      119      269      366     1037     5366 |      7157
                                    273      256      406     1803    21856 |     24594
                                    152      267      366     2264    49167 |     52216

                    SUM             801     1563     2113     6735    80901 |     92113
                                     OBSERVATION
                                     33       55       68      100      112 |       368
                                    223      711      881     1467     4364 |      7646
             val46h1rc1_summer      121      294      376      992     5320 |      7103
                                    266      230      422     1911    21302 |     24131
                                    158      273      366     2265    49803 |     52865

                    SUM             801     1563     2113     6735    80901 |     92113

