 <pre>

 Contingency table for Visibility (m)
 Selection: Denmark     21 stations
Period: 20220701-20220717
Used {00,06,12,18} + 03 06 ... 48
 Limits    1000.0000000000000        5000.0000000000000        10000.000000000000        20000.000000000000     
 Each class is data <= limit, the very last > last limit
 Total number of values       19955
                                     OBSERVATION
                                      5        1        6        8        0 |        20
                                     32      103      174      268      237 |       814
              43h22_ref_summer        3       41      149      514      906 |      1613
                                      2       44      133     1027     4680 |      5886
                                      6       47      344     1832     9393 |     11622

                    SUM              48      236      806     3649    15216 |     19955
                                     OBSERVATION
                                      3        0        2        5        0 |        10
                                     33       97      184      252      227 |       793
             val46h1rc1_summer        4       48      126      497      857 |      1532
                                      2       45      148     1011     4439 |      5645
                                      6       46      346     1884     9693 |     11975

                    SUM              48      236      806     3649    15216 |     19955

