 <pre>

 Contingency table for Low clouds (octas)
 Selection: Norway     43 stations
Period: 20220701-20220731
Used {00,06,12,18} + 03 06 ... 48
 Limits    1.0000000000000000        2.0000000000000000        3.0000000000000000        4.0000000000000000        5.0000000000000000        6.0000000000000000        7.0000000000000000     
 Each class is data <= limit, the very last > last limit
 Total number of values       33028
                                              OBSERVATION
                                   7045     1516      894      841      749      522      691      353 |     12611
                                    343      169      140      153      149      157      210      103 |      1424
                                    206       91      117      148      122      137      160       76 |      1057
              43h22_ref_summer      180       94      105      115      129      122      172       90 |      1007
                                    153       63      108      135      113      114      171       93 |       950
                                    157       94      105      125      131      145      215      121 |      1093
                                    199      125      107      162      210      229      327      187 |      1546
                                    741      739      684      954     1436     2071     3248     3467 |     13340

                    SUM            9024     2891     2260     2633     3039     3497     5194     4490 |     33028
                                              OBSERVATION
                                   7926     1934     1346     1355     1236     1088     1501      755 |     17141
                                    106       63       76      110      102      115      149      102 |       823
                                     62       50       51       74       73       84      108       64 |       566
          val46h1rc1_summer_v1       58       47       44       54       62       65       72       65 |       467
                                     49       34       36       51       62       58       85       68 |       443
                                     55       32       36       58       81       76       99       66 |       503
                                     98       59       54       88      111      117      178      106 |       811
                                    670      672      617      843     1312     1894     3002     3264 |     12274

                    SUM            9024     2891     2260     2633     3039     3497     5194     4490 |     33028
                                              OBSERVATION
                                   7114     1532      904      840      761      533      722      333 |     12739
                                    302      161      146      160      141      157      191       88 |      1346
                                    236       93      126      128      108      121      153       97 |      1062
          val46h1rc1_summer_v2      169       78      105      112      121      114      189       81 |       969
                                    158       93       88      136      120      120      171       90 |       976
                                    124       78       80      113      131      122      195      100 |       943
                                    186      119      141      194      239      245      327      198 |      1649
                                    735      737      670      950     1418     2085     3246     3503 |     13344

                    SUM            9024     2891     2260     2633     3039     3497     5194     4490 |     33028

