 <pre>

 Contingency table for Rh2m (%)
 Selection: METCOOP    516 stations
Period: 20220701-20220731
Used {00,06,12,18} + 03 06 ... 48
 Limits    30.000000000000000        50.000000000000000        65.000000000000000        75.000000000000000        85.000000000000000        95.000000000000000        100.00000000000000     
 Each class is data <= limit, the very last > last limit
 Total number of values      975955
                                              OBSERVATION
                                    730     1341       59        2        4        0        0        0 |      2136
                                   1428    43941    17445     2300      812      332       59        0 |     66317
                                    200    29652    83062    33479    12620     4867      892        0 |    164772
              43h22_ref_summer       27     4518    43251    63858    44631    17556     3757        0 |    177598
                                      2     1227    15614    47357    82872    56105    13432        0 |    216609
                                      2      501     5978    18713    58410   104883    44325        0 |    232812
                                      0       60      989     3231    13754    44540    47683        0 |    110257
                                      0        0       13       71      474     1329     3567        0 |      5454

                    SUM            2389    81240   166411   169011   213577   229612   113715        0 |    975955
                                              OBSERVATION
                                    681     1097       44        1        1        1        0        0 |      1825
                                   1482    45168    18275     2306      844      304       49        0 |     68428
                                    203    29366    86054    35293    12862     4996      872        0 |    169646
             val46h1rc1_summer       14     3963    41809    66075    47062    18551     3860        0 |    181334
                                      6     1103    13831    45366    84014    57852    13657        0 |    215829
                                      3      470     5472    17045    55735   105026    45393        0 |    229144
                                      0       73      912     2855    12654    41678    46876        0 |    105048
                                      0        0       14       70      405     1204     3008        0 |      4701

                    SUM            2389    81240   166411   169011   213577   229612   113715        0 |    975955

