 <pre>

 Contingency table for Rh2m (%)
 Selection: ALL   1015 stations
Period: 20220701-20220717
Used {00,06,12,18} + 03 06 ... 48
 Limits    30.000000000000000        50.000000000000000        65.000000000000000        75.000000000000000        85.000000000000000        95.000000000000000        100.00000000000000     
 Each class is data <= limit, the very last > last limit
 Total number of values     1036004
                                              OBSERVATION
                                    863     2554       94       16        3        1        0        0 |      3531
                                   1560    56236    24287     3475     1304      626      135        0 |     87623
                                    183    29579   100473    44144    16637     6628     1398        0 |    199042
              43h22_ref_summer       30     4198    45764    74441    53660    20466     4004        0 |    202563
                                      4     1387    15955    45836    84478    58604    13210        0 |    219474
                                      1      655     6110    17239    52953   102309    43706        0 |    222973
                                      0       68      892     2720    10827    38419    45056        0 |     97982
                                      0        0        5       31      257      653     1870        0 |      2816

                    SUM            2641    94677   193580   187902   220119   227706   109379        0 |   1036004
                                              OBSERVATION
                                    845     2419       92       17        4        2        0        0 |      3379
                                   1586    57901    26902     3727     1387      614      114        0 |     92231
                                    182    28402   102548    47044    17101     6696     1296        0 |    203269
             val46h1rc1_summer       15     3837    43541    75143    55800    20794     4070        0 |    203200
                                      7     1386    13861    43843    85391    60250    13480        0 |    218218
                                      6      640     5768    15668    50443   102361    44250        0 |    219136
                                      0       92      862     2430     9792    36383    44621        0 |     94180
                                      0        0        6       30      201      606     1548        0 |      2391

                    SUM            2641    94677   193580   187902   220119   227706   109379        0 |   1036004

