 <pre>

 Contingency table for Low clouds (octas)
 Selection: Sweden    123 stations
Period: 20220701-20220717
Used {00,06,12,18} + 03 06 ... 48
 Limits    1.0000000000000000        2.0000000000000000        3.0000000000000000        4.0000000000000000        5.0000000000000000        6.0000000000000000        7.0000000000000000     
 Each class is data <= limit, the very last > last limit
 Total number of values       89397
                                              OBSERVATION
                                  23318     2560     1925     1586     1156      885     1038     1656 |     34124
                                   2593      612      470      397      287      258      289      448 |      5354
                                   1918      491      409      304      226      232      260      398 |      4238
              43h22_ref_summer     1632      608      403      347      278      236      252      424 |      4180
                                   1637      586      424      391      275      239      263      445 |      4260
                                   1571      654      552      455      326      311      309      586 |      4764
                                   1779      779      618      598      400      407      473      869 |      5923
                                   4557     3077     2470     2492     1955     2139     2484     7380 |     26554

                    SUM           39005     9367     7271     6570     4903     4707     5368    12206 |     89397
                                              OBSERVATION
                                  30590     4584     3456     2859     2086     1742     1983     3328 |     50628
                                   1034      456      369      329      220      219      233      409 |      3269
                                    701      288      245      220      150      146      176      277 |      2203
             val46h1rc1_summer      558      315      219      202      148      160      129      249 |      1980
                                    514      273      233      208      125      137      142      217 |      1849
                                    683      295      223      223      153      145      141      310 |      2173
                                    922      399      332      278      232      204      243      441 |      3051
                                   4003     2757     2194     2251     1789     1954     2321     6975 |     24244

                    SUM           39005     9367     7271     6570     4903     4707     5368    12206 |     89397

