 <pre>

 Contingency table for 3h Precipitation (mm/3h)
 Selection: ALL    236 stations
Period: 20220701-20220731
Used {00,06,12,18} + 03 06 ... 48
 Limits   0.10000000000000001       0.20000000000000001       0.50000000000000000        1.0000000000000000        2.0000000000000000        5.0000000000000000        10.000000000000000        15.000000000000000        20.000000000000000     
 Each class is data <= limit, the very last > last limit
 Total number of values      362355
                                                       OBSERVATION
                                 276427     4185     5305     5029     2551     2387      825      165       31       17 |    296922
                                   8491      597      918      962      604      496      185       25        8        4 |     12290
                                   9284      772     1338     1459      878      938      318       51       17        3 |     15058
                                   5834      582     1126     1326      960     1001      303       58       14        3 |     11207
              43h22_ref_summer     4476      534     1027     1427     1186     1315      486       57       29        6 |     10543
                                   3456      433      903     1491     1480     1987      794      137       42       14 |     10737
                                   1075      111      319      462      475      841      491      157       69       29 |      4029
                                    206       27       52      116      100      220      168       82       45        8 |      1024
                                     76        8       18       33       25       50       63       30       21       14 |       338
                                     38        4       19       27       13       30       32       16       16       12 |       207

                    SUM          309363     7253    11025    12332     8272     9265     3665      778      292      110 |    362355
                                                       OBSERVATION
                                 283821     5671     8231     8775     5612     6196     2367      501      191       63 |    321428
                                   4136      232      349      365      190      149       60        9        0        0 |      5490
                                   4639      330      546      566      345      310       85       14        7        2 |      6844
                                   3398      246      467      546      372      368      132       16       10        1 |      5556
             val46h1rc1_summer     3211      255      419      635      502      502      144       30        5        2 |      5705
                                   4274      234      466      719      689      915      361       44       14        6 |      7722
                                   2805      118      261      363      305      494      281       71       22       11 |      4731
                                   1306       79      119      166      121      160      117       41       19        9 |      2137
                                    729       32       65       81       56       67       49       29       13       10 |      1131
                                   1044       56      102      116       80      104       69       23       11        6 |      1611

                    SUM          309363     7253    11025    12332     8272     9265     3665      778      292      110 |    362355

