 <pre>

 Contingency table for Cloud cover (octas)
 Selection: Sweden    106 stations
Period: 20220701-20220710
Used {00,06,12,18} + 03 06 ... 48
 Limits   0.50000000000000000        1.5000000000000000        2.5000000000000000        3.5000000000000000        4.5000000000000000        5.5000000000000000        6.5000000000000000        7.5000000000000000     
 Each class is data <= limit, the very last > last limit
 Total number of values       48111
                                                       OBSERVATION
                                    901      638      402      337      286      304      276      301      437 |      3882
                                    285      399      250      323      252      287      218      345      468 |      2827
                                    148      273      205      202      191      210      170      274      446 |      2119
                                    100      222      144      181      165      205      180      296      367 |      1860
              43h22_ref_summer      106      231      168      217      163      228      199      314      409 |      2035
                                     91      268      189      251      231      248      226      372      515 |      2391
                                    134      298      233      265      231      297      284      455      649 |      2846
                                    160      431      263      401      332      460      437      757     1046 |      4287
                                    534     1750     1194     1643     1498     2239     2176     4500    10330 |     25864

                    SUM            2459     4510     3048     3820     3349     4478     4166     7614    14667 |     48111
                                                       OBSERVATION
                                   1422     1496      911      995      792      952      817     1129     1706 |     10220
                                    148      331      246      301      229      316      286      455      655 |      2967
                                     74      194      134      179      184      225      173      314      419 |      1896
                                     58      135      126      145      155      143      147      242      355 |      1506
             val46h1rc1_summer       48      139      124      132      113      140      163      250      337 |      1446
                                     53      145      113      151      125      136      167      254      357 |      1501
                                     56      149      122      164      148      181      173      344      447 |      1784
                                    114      274      190      238      235      288      268      487      742 |      2836
                                    486     1647     1082     1515     1368     2097     1972     4139     9649 |     23955

                    SUM            2459     4510     3048     3820     3349     4478     4166     7614    14667 |     48111

