 <pre>

 Contingency table for Cloud base (m)
 Selection: METCOOP    224 stations
Period: 20220701-20220710
Used {00,06,12,18} + 03 06 ... 48
 Limits    70.000000000000000        150.00000000000000        300.00000000000000        600.00000000000000        1000.0000000000000        1500.0000000000000        2500.0000000000000        5000.0000000000000     
 Each class is data <= limit, the very last > last limit
 Total number of values       60626
                                                       OBSERVATION
                                    154      117       99       31       12        4        9        5        0 |       431
                                     68      123      203       83       22        9        9        9        0 |       526
                                     82      205      525      352      124       65       92       36        2 |      1483
                                    106      189     1226     1358      646      279      371      168       13 |      4356
              43h22_ref_summer       69      106      755     1433     1978     1084      945      435       80 |      6885
                                     79      109      537      841     1296     2885     2612     1041      137 |      9537
                                     62      106      408      678      894     1764     4796     2119      294 |     11121
                                     50       34      228      367      412      651     1600     1994      253 |      5589
                                    190      144      771     1813     2277     3015     5768     5053     1667 |     20698

                    SUM             860     1133     4752     6956     7661     9756    16202    10860     2446 |     60626
                                                       OBSERVATION
                                    134      102       89       25        6        1        4        9        0 |       370
                                     69      136      181       63       33        8       11        4        0 |       505
                                     82      202      497      281       99       54       88       37        0 |      1340
                                    111      170      982     1052      479      213      278      112        9 |      3406
             val46h1rc1_summer       60       91      720     1192     1322      627      565      323       41 |      4941
                                     67       84      546      790     1260     2274     1799      663       98 |      7581
                                     46      105      377      633      786     1832     4120     1691      196 |      9786
                                     49       42      249      409      426      646     1660     1712      189 |      5382
                                    242      201     1111     2511     3250     4101     7677     6309     1913 |     27315

                    SUM             860     1133     4752     6956     7661     9756    16202    10860     2446 |     60626

