 <pre>

 Contingency table for Visibility (m)
 Selection: Denmark     25 stations
Period: 20220701-20220731
Used {00,06,12,18} + 03 06 ... 48
 Limits    1000.0000000000000        5000.0000000000000        10000.000000000000        20000.000000000000     
 Each class is data <= limit, the very last > last limit
 Total number of values       41324
                                     OBSERVATION
                                     22       46       23       13        6 |       110
                                     94      465      455      570      520 |      2104
              43h22_ref_summer       50      254      416     1077     2140 |      3937
                                     40      271      431     2410     9276 |     12428
                                     82      187      659     3656    18161 |     22745

                    SUM             288     1223     1984     7726    30103 |     41324
                                     OBSERVATION
                                     11       27       13       13        4 |        68
                                     99      444      432      541      513 |      2029
          val46h1rc1_summer_v1       54      266      396     1011     2055 |      3782
                                     46      295      459     2348     8638 |     11786
                                     78      191      684     3813    18893 |     23659

                    SUM             288     1223     1984     7726    30103 |     41324
                                     OBSERVATION
                                     12       35       12       12        4 |        75
                                    102      427      443      527      468 |      1967
          val46h1rc1_summer_v2       50      290      412     1040     2054 |      3846
                                     40      287      451     2360     8778 |     11916
                                     84      184      666     3787    18799 |     23520

                    SUM             288     1223     1984     7726    30103 |     41324

