 <pre>

 Contingency table for Cloud base (m)
 Selection: Sweden    123 stations
Period: 20220701-20220717
Used {00,06,12,18} + 03 06 ... 48
 Limits    70.000000000000000        150.00000000000000        300.00000000000000        600.00000000000000        1000.0000000000000        1500.0000000000000        2500.0000000000000        5000.0000000000000     
 Each class is data <= limit, the very last > last limit
 Total number of values       60535
                                                       OBSERVATION
                                     57       56       59       29        3        7        7       11        0 |       229
                                     39       92      161       76       18        7       10       14        1 |       418
                                     53      185      578      399      104       56       71       51        0 |      1497
                                     43      185      797     1805      910      357      393      191       13 |      4694
              43h22_ref_summer       29       76      348     1340     2747     1574     1107      438       82 |      7741
                                     39       60      211      527     1335     3808     2788      967      165 |      9900
                                     42       68      221      473      682     1874     4860     2166      346 |     10732
                                     53       37      177      362      298      602     1377     2115      253 |      5274
                                    176       98      310     1203     1658     3088     5757     5526     2234 |     20050

                    SUM             531      857     2862     6214     7755    11373    16370    11479     3094 |     60535
                                                       OBSERVATION
                                     42       36       60       17        5        2        5        7        0 |       174
                                     33       98      133       80       18        6       12       10        0 |       390
                                     52      193      492      289       80       44       68       40        1 |      1259
                                     43      158      719     1442      625      279      262      146        5 |      3679
             val46h1rc1_summer       24       76      329     1261     2084     1032      679      312       41 |      5838
                                     33       57      223      573     1383     3088     1986      609      115 |      8067
                                     31       63      222      451      695     2067     4182     1699      264 |      9674
                                     41       44      172      352      348      628     1414     1682      172 |      4853
                                    232      132      512     1749     2517     4227     7762     6974     2496 |     26601

                    SUM             531      857     2862     6214     7755    11373    16370    11479     3094 |     60535

