 <pre>

 Contingency table for Cloud cover (octas)
 Selection: Denmark     19 stations
Period: 20220701-20220731
Used {00,06,12,18} + 03 06 ... 48
 Limits   0.50000000000000000        1.5000000000000000        2.5000000000000000        3.5000000000000000        4.5000000000000000        5.5000000000000000        6.5000000000000000        7.5000000000000000     
 Each class is data <= limit, the very last > last limit
 Total number of values       36714
                                                       OBSERVATION
                                   4549      991      131      227       89      179       58      291      141 |      6656
                                    887      437       96      177       63      157       36      274      118 |      2245
                                    511      278       68      111       42      118       43      244       64 |      1479
                                    415      275       50      124       38      112       47      254       82 |      1397
              43h22_ref_summer      362      237       61      130       37      115       51      262       81 |      1336
                                    391      233       53      158       50      148       54      376       81 |      1544
                                    442      288       68      161       71      244       74      538      143 |      2029
                                    676      503       95      309      105      358      117      853      282 |      3298
                                   1743     1693      303     1026      364     1559      561     6036     3445 |     16730

                    SUM            9976     4935      925     2423      859     2990     1041     9128     4437 |     36714
                                                       OBSERVATION
                                   5764     1823      282      620      212      609      150     1183      435 |     11078
                                    531      322       87      186       68      185       65      466      133 |      2043
                                    346      199       48      103       44      122       47      299       67 |      1275
                                    275      160       37       89       34       91       30      227       66 |      1009
          val46h1rc1_summer_v1      264      197       43      122       42       91       40      226       60 |      1085
                                    264      176       49       89       36      121       60      275       83 |      1153
                                    366      223       37      124       53      155       59      343      103 |      1463
                                    547      349       75      195       64      279      100      639      185 |      2433
                                   1619     1486      267      895      306     1337      490     5470     3305 |     15175

                    SUM            9976     4935      925     2423      859     2990     1041     9128     4437 |     36714
                                                       OBSERVATION
                                   4635     1059      136      272       89      212       53      327      165 |      6948
                                    922      472       86      157       59      198       38      349      114 |      2395
                                    502      281       62      123       43      125       40      260       81 |      1517
                                    403      221       58      113       49      115       51      252       79 |      1341
          val46h1rc1_summer_v2      384      224       62      128       40      127       58      257       69 |      1349
                                    351      260       57      124       55      156       54      326       82 |      1465
                                    433      306       63      173       71      201       82      496      121 |      1946
                                    634      448      103      295       87      333      130      915      270 |      3215
                                   1712     1664      298     1038      366     1523      535     5946     3456 |     16538

                    SUM            9976     4935      925     2423      859     2990     1041     9128     4437 |     36714

