 <pre>

 Contingency table for Visibility (m)
 Selection: Denmark     20 stations
Period: 20220701-20220710
Used {00,06,12,18} + 03 06 ... 48
 Limits    1000.0000000000000        5000.0000000000000        10000.000000000000        20000.000000000000     
 Each class is data <= limit, the very last > last limit
 Total number of values       11325
                                     OBSERVATION
                                      0        0        2        1        0 |         3
                                      7       79      114      197      178 |       575
              43h22_ref_summer        1       33       73      345      560 |      1012
                                      2       40      107      597     2914 |      3660
                                      5       43      177      921     4929 |      6075

                    SUM              15      195      473     2061     8581 |     11325
                                     OBSERVATION
                                      0        0        0        0        0 |         0
                                      6       76      128      183      171 |       564
             val46h1rc1_summer        2       35       65      334      514 |       950
                                      2       43      100      595     2802 |      3542
                                      5       41      180      949     5094 |      6269

                    SUM              15      195      473     2061     8581 |     11325

