 <pre>

 Contingency table for clouds <7500m (octas)
 Selection: Finland     69 stations
Period: 20220701-20220731
Used {00,06,12,18} + 03 06 ... 48
 Limits    1.0000000000000000        2.0000000000000000        3.0000000000000000        4.0000000000000000        5.0000000000000000        6.0000000000000000        7.0000000000000000     
 Each class is data <= limit, the very last > last limit
 Total number of values       97027
                                              OBSERVATION
                                  19244      899     1194      618     1150      534     2704      998 |     27341
                                   1980      187      413      191      379      210     1169      437 |      4966
                                   1689      182      349      161      371      174     1234      441 |      4601
              43h22_ref_summer     1596      211      381      200      471      232     1542      550 |      5183
                                   1502      189      425      231      505      301     1742      703 |      5598
                                   1479      225      446      220      595      315     2125      925 |      6330
                                   1979      286      574      286      799      472     3861     1860 |     10117
                                   2893      435     1279      618     1914     1015    14058    10679 |     32891

                    SUM           32362     2614     5061     2525     6184     3253    28435    16593 |     97027
                                              OBSERVATION
                                  23533     1373     2097     1053     2025     1055     5993     2331 |     39460
                                   1109      129      272      129      286      182     1139      430 |      3676
                                    827      110      212      106      267      146      894      362 |      2924
          val46h1rc1_summer_v1      637       96      196       70      262      124      836      312 |      2533
                                    688      101      211      107      268      137      929      339 |      2780
                                    871      106      247      116      352      145     1202      487 |      3526
                                   1313      203      439      230      573      285     2345     1058 |      6446
                                   3384      496     1387      714     2151     1179    15097    11274 |     35682

                    SUM           32362     2614     5061     2525     6184     3253    28435    16593 |     97027
                                              OBSERVATION
                                  18859      877     1141      598     1068      518     2450      911 |     26422
                                   1990      177      383      168      345      194     1068      412 |      4737
                                   1649      166      331      161      370      208     1104      393 |      4382
          val46h1rc1_summer_v2     1729      195      401      209      418      244     1354      543 |      5093
                                   1511      196      431      205      542      251     1692      613 |      5441
                                   1408      244      443      222      559      300     2174      853 |      6203
                                   2113      259      627      306      853      480     3763     1749 |     10150
                                   3103      500     1304      656     2029     1058    14830    11119 |     34599

                    SUM           32362     2614     5061     2525     6184     3253    28435    16593 |     97027

