 <pre>

 Contingency table for Low clouds (octas)
 Selection: METCOOP    229 stations
Period: 20220701-20220731
Used {00,06,12,18} + 03 06 ... 48
 Limits    1.0000000000000000        2.0000000000000000        3.0000000000000000        4.0000000000000000        5.0000000000000000        6.0000000000000000        7.0000000000000000     
 Each class is data <= limit, the very last > last limit
 Total number of values      319406
                                              OBSERVATION
                                  93661     7029     5618     4360     3979     2707     4822     6253 |    128429
                                   9237     1455     1386     1040     1026      829     1491     1788 |     18252
                                   6540     1118     1180      853      861      717     1318     1514 |     14101
              43h22_ref_summer     5587     1234     1126      863      921      690     1356     1510 |     13287
                                   5456     1220     1168      935      985      742     1522     1620 |     13648
                                   5393     1419     1420     1069     1078      877     1892     2049 |     15197
                                   6240     1700     1713     1422     1597     1343     2808     3144 |     19967
                                  16319     6886     6938     6216     7283     7223    16767    28893 |     96525

                    SUM          148433    22061    20549    16758    17730    15128    31976    46771 |    319406
                                              OBSERVATION
                                 119057    11679     9997     7672     7470     5556    10389    12577 |    184397
                                   3371      943      932      768      711      620     1270     1402 |     10017
                                   2228      633      655      521      510      441      892      965 |      6845
             val46h1rc1_summer     1842      637      565      429      486      415      727      829 |      5930
                                   1748      540      578      463      471      393      785      798 |      5776
                                   2280      576      611      507      558      431      898     1036 |      6897
                                   3233      879      939      731      822      675     1553     1696 |     10528
                                  14674     6174     6272     5667     6702     6597    15462    27468 |     89016

                    SUM          148433    22061    20549    16758    17730    15128    31976    46771 |    319406

