 <pre>

 Contingency table for Low clouds (octas)
 Selection: Sweden    124 stations
Period: 20220701-20220731
Used {00,06,12,18} + 03 06 ... 48
 Limits    1.0000000000000000        2.0000000000000000        3.0000000000000000        4.0000000000000000        5.0000000000000000        6.0000000000000000        7.0000000000000000     
 Each class is data <= limit, the very last > last limit
 Total number of values      162840
                                              OBSERVATION
                                  45829     4390     3068     2775     2074     1676     2058     4417 |     66287
                                   4348      999      753      691      473      501      561     1118 |      9444
                                   3076      800      637      533      396      422      497      905 |      7266
              43h22_ref_summer     2579      921      615      582      456      407      475      907 |      6942
                                   2530      915      636      591      444      442      524      969 |      7051
                                   2441     1043      828      744      512      533      628     1254 |      7983
                                   2755     1273      965      961      713      782      916     1868 |     10233
                                   7012     5224     4231     4405     3436     3873     4906    14547 |     47634

                    SUM           70570    15565    11733    11282     8504     8636    10565    25985 |    162840
                                              OBSERVATION
                                  57529     7714     5421     4908     3688     3325     3884     8054 |     94523
                                   1574      705      547      518      337      359      454      825 |      5319
                                   1053      457      389      342      248      251      315      547 |      3602
          val46h1rc1_summer_v1      835      470      324      308      224      260      246      486 |      3153
                                    798      414      342      330      228      236      255      481 |      3084
                                   1069      444      353      361      244      268      290      628 |      3657
                                   1428      651      538      510      380      392      511      994 |      5404
                                   6284     4710     3819     4005     3155     3545     4610    13970 |     44098

                    SUM           70570    15565    11733    11282     8504     8636    10565    25985 |    162840
                                              OBSERVATION
                                  45093     4287     2986     2674     2088     1680     2021     4285 |     65114
                                   4367     1004      701      674      470      481      538     1094 |      9329
                                   3045      770      590      499      354      388      420      898 |      6964
          val46h1rc1_summer_v2     2692      857      676      533      424      394      471      914 |      6961
                                   2453      907      663      595      446      461      494      950 |      6969
                                   2441      982      747      713      523      546      600     1160 |      7712
                                   2943     1353     1031      975      669      694      893     1791 |     10349
                                   7536     5405     4339     4619     3530     3992     5128    14893 |     49442

                    SUM           70570    15565    11733    11282     8504     8636    10565    25985 |    162840

