 <pre>

 Contingency table for Low clouds (octas)
 Selection: ALL    627 stations
Period: 20220701-20220717
Used {00,06,12,18} + 03 06 ... 48
 Limits    1.0000000000000000        2.0000000000000000        3.0000000000000000        4.0000000000000000        5.0000000000000000        6.0000000000000000        7.0000000000000000     
 Each class is data <= limit, the very last > last limit
 Total number of values      516035
                                              OBSERVATION
                                 154163    23002    15547     9818     9566     8985     8888     8472 |    238441
                                  13141     3399     2968     2052     2197     2095     2334     2271 |     30457
                                   9193     2506     2343     1698     1732     1720     1996     1986 |     23174
              43h22_ref_summer     8100     2640     2350     1726     1858     1715     2101     2004 |     22494
                                   7616     2551     2437     1971     1884     1803     2235     2178 |     22675
                                   7251     2642     2660     2044     2123     2076     2673     2731 |     24200
                                   8673     3189     3324     2501     2792     2772     4107     4134 |     31492
                                  20399     9700    10205     8165     9773    11226    21180    32454 |    123102

                    SUM          228536    49629    41834    29975    31925    32392    45514    56230 |    516035
                                              OBSERVATION
                                 190923    33060    24635    16452    16515    15609    17199    16823 |    331216
                                   4319     1696     1673     1370     1355     1340     1702     1761 |     15216
                                   2892     1171     1206      983     1012      960     1209     1265 |     10698
             val46h1rc1_summer     2552     1173     1120      923      937      874     1118     1096 |      9793
                                   2484     1070     1080      870      854      869     1176     1130 |      9533
                                   3080     1200     1185      951     1000      966     1435     1496 |     11313
                                   4385     1594     1714     1234     1425     1462     2272     2360 |     16446
                                  17901     8665     9221     7192     8827    10312    19403    30299 |    111820

                    SUM          228536    49629    41834    29975    31925    32392    45514    56230 |    516035

