 <pre>

 Contingency table for Cloud base (m)
 Selection: ALL    615 stations
Period: 20220701-20220717
Used {00,06,12,18} + 03 06 ... 48
 Limits    70.000000000000000        150.00000000000000        300.00000000000000        600.00000000000000        1000.0000000000000        1500.0000000000000        2500.0000000000000        5000.0000000000000     
 Each class is data <= limit, the very last > last limit
 Total number of values      314491
                                                       OBSERVATION
                                    518      352      348      180      162       35       31       68        3 |      1697
                                    260      539      800      501      304       71       51       88       10 |      2624
                                    364     1078     2884     2090     1068      272      259      234       66 |      8315
                                    411     1085     4869     7705     4149     1167     1149      685      142 |     21362
              43h22_ref_summer      232      464     2598     7490    13921     5656     3461     1628      794 |     36244
                                    201      355     1600     4344    10774    14612     8801     3191      830 |     44708
                                    178      343     1391     4278     9857     9504    16451     7944     1434 |     51380
                                    144      228     1041     2929     5848     3334     5207    11208      853 |     30792
                                    770      621     2529     9384    25989    18439    20376    24711    14550 |    117369

                    SUM            3078     5065    18060    38901    72072    53090    55786    49757    18682 |    314491
                                                       OBSERVATION
                                    432      312      275      145      147       22       25       94        4 |      1456
                                    263      490      700      406      298       59       48       73        5 |      2342
                                    351     1050     2507     1771      887      245      238      190       25 |      7264
                                    366      975     4200     5930     2944      839      747      469       89 |     16559
             val46h1rc1_summer      224      467     2491     6287     8834     3292     2086     1067      316 |     25064
                                    171      321     1685     4368    10150    11551     6391     2068      515 |     37220
                                    169      329     1400     4058     8647     9485    14023     5926     1029 |     45066
                                    127      233     1100     2921     5122     2996     5034     8703      578 |     26814
                                    975      888     3702    13015    35043    24601    27194    31167    16121 |    152706

                    SUM            3078     5065    18060    38901    72072    53090    55786    49757    18682 |    314491

