 <pre>

 Contingency table for Low clouds (octas)
 Selection: Finland     69 stations
Period: 20220701-20220731
Used {00,06,12,18} + 03 06 ... 48
 Limits    1.0000000000000000        2.0000000000000000        3.0000000000000000        4.0000000000000000        5.0000000000000000        6.0000000000000000        7.0000000000000000     
 Each class is data <= limit, the very last > last limit
 Total number of values      121276
                                              OBSERVATION
                                  41106     1136     1611      745     1102      512     2034     1404 |     49650
                                   4472      279      493      199      397      170      714      528 |      7252
                                   3210      229      415      172      325      154      651      501 |      5657
              43h22_ref_summer     2771      223      404      159      328      160      698      475 |      5218
                                   2723      234      423      196      417      183      802      521 |      5499
                                   2736      276      483      190      423      199     1027      636 |      5970
                                   3214      295      627      273      652      318     1520     1028 |      7927
                                   8353      919     2019      776     2338     1097     8473    10128 |     34103

                    SUM           68585     3591     6475     2710     5982     2793    15919    15221 |    121276
                                              OBSERVATION
                                  53677     2025     3167     1382     2452     1126     4918     3543 |     72290
                                   1669      167      300      136      268      151      645      442 |      3778
                                   1102      117      212      107      184      103      451      323 |      2599
          val46h1rc1_summer_v1      939      117      191       70      196       90      401      258 |      2262
                                    879       99      196       75      173       94      430      241 |      2187
                                   1130       90      221       85      221       85      486      325 |      2643
                                   1664      169      340      127      320      158      844      552 |      4174
                                   7525      807     1848      728     2168      986     7744     9537 |     31343

                    SUM           68585     3591     6475     2710     5982     2793    15919    15221 |    121276
                                              OBSERVATION
                                  39840     1027     1518      712     1024      455     1882     1373 |     47831
                                   4416      278      439      195      350      146      679      472 |      6975
                                   3193      214      411      164      352      125      639      404 |      5502
          val46h1rc1_summer_v2     3000      204      356      165      330      143      665      428 |      5291
                                   2845      259      400      159      336      197      749      522 |      5467
                                   2715      293      511      182      412      204      874      599 |      5790
                                   3482      354      646      261      624      314     1474     1000 |      8155
                                   9094      962     2194      872     2554     1209     8957    10423 |     36265

                    SUM           68585     3591     6475     2710     5982     2793    15919    15221 |    121276

