 <pre>

 Contingency table for Cloud cover (octas)
 Selection: METCOOP    212 stations
Period: 20220701-20220710
Used {00,06,12,18} + 03 06 ... 48
 Limits   0.50000000000000000        1.5000000000000000        2.5000000000000000        3.5000000000000000        4.5000000000000000        5.5000000000000000        6.5000000000000000        7.5000000000000000     
 Each class is data <= limit, the very last > last limit
 Total number of values      102667
                                                       OBSERVATION
                                   5881     1474      886      885      576      584      474      701      587 |     12048
                                   1600      849      460      593      445      482      380      781      612 |      6202
                                    943      536      346      390      316      356      306      641      579 |      4413
                                    755      497      248      342      272      368      298      662      500 |      3942
              43h22_ref_summer      700      491      284      391      270      397      339      763      541 |      4176
                                    634      538      310      424      352      480      404      921      682 |      4745
                                    721      642      381      499      380      555      502     1162      876 |      5718
                                   1045      935      477      754      603      848      779     1972     1444 |      8857
                                   2998     3582     1837     2969     2377     4105     3899    13274    17525 |     52566

                    SUM           15277     9544     5229     7247     5591     8175     7381    20877    23346 |    102667
                                                       OBSERVATION
                                   8593     3162     1781     2048     1432     1651     1385     2661     2254 |     24967
                                    982      706      422      552      399      526      493     1071      902 |      6053
                                    568      446      226      331      274      394      279      739      590 |      3847
                                    443      314      219      254      240      277      255      658      532 |      3192
             val46h1rc1_summer      393      322      207      248      207      295      286      616      458 |      3032
                                    408      325      195      276      214      283      284      651      507 |      3143
                                    497      360      220      332      246      377      318      857      652 |      3859
                                    765      643      338      486      391      579      511     1412     1096 |      6221
                                   2628     3266     1621     2720     2188     3793     3570    12212    16355 |     48353

                    SUM           15277     9544     5229     7247     5591     8175     7381    20877    23346 |    102667

