 <pre>

 Contingency table for Rh2m (%)
 Selection: ALL   1056 stations
Period: 20220701-20220731
Used {00,06,12,18} + 03 06 ... 48
 Limits    30.000000000000000        50.000000000000000        65.000000000000000        75.000000000000000        85.000000000000000        95.000000000000000        100.00000000000000     
 Each class is data <= limit, the very last > last limit
 Total number of values     1983276
                                              OBSERVATION
                                   7411     5032      231       55       15        1        0        0 |     12745
                                   4148   110934    45253     6097     2435     1002      195        0 |    170064
                                    292    55378   190525    82541    30131    12144     2591        0 |    373602
              43h22_ref_summer       35     7366    83940   140407   100514    39650     8340        0 |    380252
                                     13     2177    27469    84698   160428   114171    28054        0 |    417010
                                      2      886     9775    29986    98011   202763    91593        0 |    433016
                                      0       79     1483     4740    19465    73693    89392        0 |    188852
                                      0        0       15       94      555     1774     5297        0 |      7735

                    SUM           11901   181852   358691   348618   411554   445198   225462        0 |   1983276
                                              OBSERVATION
                                   6859     4466      208       52       13        2        0        0 |     11600
                                   4695   112545    48638     6344     2461     1047      190        0 |    175920
                                    304    55155   195233    87951    31660    12346     2490        0 |    385139
          val46h1rc1_summer_v1       24     6665    79852   141938   104521    40433     8330        0 |    381763
                                     13     2081    24217    80654   161444   117598    28205        0 |    414212
                                      6      842     9167    27382    93223   202524    93223        0 |    426367
                                      0       98     1356     4212    17768    69653    88644        0 |    181731
                                      0        0       20       85      464     1595     4380        0 |      6544

                    SUM           11901   181852   358691   348618   411554   445198   225462        0 |   1983276
                                              OBSERVATION
                                   7614     5833      247       58       11        2        2        0 |     13767
                                   3940   111359    48852     6623     2567     1074      191        0 |    174606
                                    289    54178   188795    86107    32168    12698     2632        0 |    376867
          val46h1rc1_summer_v2       43     7414    82069   138113   102820    41514     8839        0 |    380812
                                     12     2113    27295    82665   157583   115563    28444        0 |    413675
                                      3      842     9894    30020    96097   199916    91932        0 |    428704
                                      0      113     1522     4944    19743    72611    88512        0 |    187445
                                      0        0       17       88      565     1820     4910        0 |      7400

                    SUM           11901   181852   358691   348618   411554   445198   225462        0 |   1983276

