 <pre>

 Contingency table for Rh2m (%)
 Selection: ALL   1017 stations
Period: 20220701-20220731
Used {00,06,12,18} + 03 06 ... 48
 Limits    30.000000000000000        50.000000000000000        65.000000000000000        75.000000000000000        85.000000000000000        95.000000000000000        100.00000000000000     
 Each class is data <= limit, the very last > last limit
 Total number of values     1924335
                                              OBSERVATION
                                   7366     4969      243       54       15        1        0        0 |     12648
                                   4120   108707    44860     6037     2378      968      181        0 |    167251
                                    294    53316   184665    80095    29441    11874     2480        0 |    362165
              43h22_ref_summer       39     7011    80743   135341    97472    38586     8091        0 |    367283
                                     13     2105    26264    81496   155044   111641    27357        0 |    403920
                                      2      844     9304    28665    95017   196476    89860        0 |    420168
                                      0       80     1400     4404    18597    70609    88035        0 |    183125
                                      0        0       15       80      564     1687     5429        0 |      7775

                    SUM           11834   177032   347494   336172   398528   431842   221433        0 |   1924335
                                              OBSERVATION
                                   6815     4405      209       52       12        2        0        0 |     11495
                                   4671   110415    48262     6276     2422     1009      169        0 |    173224
                                    303    52935   189083    85438    30865    12106     2384        0 |    373114
             val46h1rc1_summer       26     6336    76783   136828   101212    39452     8083        0 |    368720
                                     13     2030    23085    77506   156169   114732    27578        0 |    401113
                                      6      808     8770    26080    90382   196360    91440        0 |    413846
                                      0      103     1282     3917    16996    66659    87307        0 |    176264
                                      0        0       20       75      470     1522     4472        0 |      6559

                    SUM           11834   177032   347494   336172   398528   431842   221433        0 |   1924335

