 <pre>

 Contingency table for Rh2m (%)
 Selection: Sweden    172 stations
Period: 20220701-20220731
Used {00,06,12,18} + 03 06 ... 48
 Limits    30.000000000000000        50.000000000000000        65.000000000000000        75.000000000000000        85.000000000000000        95.000000000000000        100.00000000000000     
 Each class is data <= limit, the very last > last limit
 Total number of values      327501
                                              OBSERVATION
                                    570      741       18        0        0        0        0        0 |      1329
                                    788    19027     7785     1041      300      131       23        0 |     29095
                                    126    13504    34099    13317     5057     1976      307        0 |     68386
              43h22_ref_summer        8     2046    17431    23054    14854     5953     1298        0 |     64644
                                      0      493     5938    16088    23514    15091     4177        0 |     65301
                                      1      214     2196     6347    17827    25488    12510        0 |     64583
                                      0       29      338     1284     5516    12151    13082        0 |     32400
                                      0        0        2       13      128      510     1110        0 |      1763

                    SUM            1493    36054    67807    61144    67196    61300    32507        0 |    327501
                                              OBSERVATION
                                    508      565        9        0        0        0        0        0 |      1082
                                    846    19778     8430     1032      296      110       18        0 |     30510
                                    132    13236    34944    13865     5059     1912      274        0 |     69422
          val46h1rc1_summer_v1        5     1809    16737    23688    15229     5996     1277        0 |     64741
                                      2      452     5354    15524    24039    15629     4147        0 |     65147
                                      0      176     2003     5875    17385    25420    12850        0 |     63709
                                      0       38      327     1147     5089    11800    13029        0 |     31430
                                      0        0        3       13       99      433      912        0 |      1460

                    SUM            1493    36054    67807    61144    67196    61300    32507        0 |    327501
                                              OBSERVATION
                                    577      803       23        0        0        0        0        0 |      1403
                                    785    18674     8088     1061      321      131       26        0 |     29086
                                    114    13708    33233    13174     5032     2029      313        0 |     67603
          val46h1rc1_summer_v2       15     2143    17572    22960    14705     6002     1356        0 |     64753
                                      2      505     6257    15961    23403    14907     4121        0 |     65156
                                      0      185     2240     6573    17876    25314    12358        0 |     64546
                                      0       36      391     1396     5707    12393    13291        0 |     33214
                                      0        0        3       19      152      524     1042        0 |      1740

                    SUM            1493    36054    67807    61144    67196    61300    32507        0 |    327501

