 <pre>

 Contingency table for Rh2m (%)
 Selection: Finland    129 stations
Period: 20220701-20220731
Used {00,06,12,18} + 03 06 ... 48
 Limits    30.000000000000000        50.000000000000000        65.000000000000000        75.000000000000000        85.000000000000000        95.000000000000000        100.00000000000000     
 Each class is data <= limit, the very last > last limit
 Total number of values      246192
                                              OBSERVATION
                                     44      235       18        2        1        0        0        0 |       300
                                    117     6994     3969      526      194      125       31        0 |     11956
                                     10     5331    22141    10531     3603     1514      405        0 |     43535
              43h22_ref_summer        0      824    10017    19243    14034     5339     1381        0 |     50838
                                      2      298     3392    10818    21708    16114     4787        0 |     57119
                                      0      124     1462     3647    11680    25666    14373        0 |     56952
                                      0       12      266      683     1773     8575    13424        0 |     24733
                                      0        0        0        3       15      131      610        0 |       759

                    SUM             173    13818    41265    45453    53008    57464    35011        0 |    246192
                                              OBSERVATION
                                     39      226       19        1        0        1        0        0 |       286
                                    125     7087     4158      569      223      118       28        0 |     12308
                                      7     5406    22739    10816     3555     1591      396        0 |     44510
             val46h1rc1_summer        0      709     9631    19707    14577     5542     1397        0 |     51563
                                      0      253     3068    10539    22089    16396     4772        0 |     57117
                                      2      119     1415     3247    11019    25968    14722        0 |     56492
                                      0       18      235      572     1539     7739    13204        0 |     23307
                                      0        0        0        2        6      109      492        0 |       609

                    SUM             173    13818    41265    45453    53008    57464    35011        0 |    246192

