 <pre>

 Contingency table for Visibility (m)
 Selection: Finland     69 stations
Period: 20220701-20220710
Used {00,06,12,18} + 03 06 ... 48
 Limits    1000.0000000000000        5000.0000000000000        10000.000000000000        20000.000000000000     
 Each class is data <= limit, the very last > last limit
 Total number of values       40675
                                     OBSERVATION
                                      5        0       21       58       21 |       105
                                     72       92      108      880     1348 |      2500
              43h22_ref_summer       25       34       46      353     1493 |      1951
                                     45       66      111     1259     5836 |      7317
                                     31       73      195     4967    23536 |     28802

                    SUM             178      265      481     7517    32234 |     40675
                                     OBSERVATION
                                      3        2       21       40       14 |        80
                                     66       84      117      846     1256 |      2369
             val46h1rc1_summer       30       40       45      372     1409 |      1896
                                     43       68      109     1235     5740 |      7195
                                     36       71      189     5024    23815 |     29135

                    SUM             178      265      481     7517    32234 |     40675

