 <pre>

 Contingency table for Low clouds (octas)
 Selection: Denmark     19 stations
Period: 20220701-20220731
Used {00,06,12,18} + 03 06 ... 48
 Limits    1.0000000000000000        2.0000000000000000        3.0000000000000000        4.0000000000000000        5.0000000000000000        6.0000000000000000        7.0000000000000000     
 Each class is data <= limit, the very last > last limit
 Total number of values       34633
                                              OBSERVATION
                                  14805      388      844      227      488      163      660      409 |     17984
                                    801       90      181       44      114       33      146       69 |      1478
                                    614       87      153       34       92       32      123       75 |      1210
              43h22_ref_summer      523       67      167       34       93       24      124       69 |      1101
                                    541       78      195       38      117       37      189       66 |      1261
                                    537       87      239       50      176       45      215       83 |      1432
                                    657      101      357       77      242       83      368      191 |      2076
                                   1428      289     1739      181     1213      245     1289     1707 |      8091

                    SUM           19906     1187     3875      685     2535      662     3114     2669 |     34633
                                              OBSERVATION
                                  17302      655     1535      380      940      275     1274      745 |     23106
                                    295       42      119       37       86       18      120       53 |       770
                                    188       42      108       18       53       21       87       44 |       561
          val46h1rc1_summer_v1      207       38      108       25       82       19       73       33 |       585
                                    187       48      107       28       70       23       99       44 |       606
                                    215       41      133       24       83       29      116       42 |       683
                                    329       57      199       24      140       45      208      112 |      1114
                                   1183      264     1566      149     1081      232     1137     1596 |      7208

                    SUM           19906     1187     3875      685     2535      662     3114     2669 |     34633
                                              OBSERVATION
                                  15303      432      912      251      608      177      776      460 |     18919
                                    696       81      208       43      106       32      148       87 |      1401
                                    525       57      140       41       79       39      139       60 |      1080
          val46h1rc1_summer_v2      521       73      177       39       97       27      122       57 |      1113
                                    474       84      164       43      123       37      173       73 |      1171
                                    450       76      236       41      178       45      204       82 |      1312
                                    608      106      351       62      215       59      326      169 |      1896
                                   1329      278     1687      165     1129      246     1226     1681 |      7741

                    SUM           19906     1187     3875      685     2535      662     3114     2669 |     34633

