 <pre>

 Contingency table for Rh2m (%)
 Selection: ALL   1011 stations
Period: 20220701-20220710
Used {00,06,12,18} + 03 06 ... 48
 Limits    30.000000000000000        50.000000000000000        65.000000000000000        75.000000000000000        85.000000000000000        95.000000000000000        100.00000000000000     
 Each class is data <= limit, the very last > last limit
 Total number of values      591006
                                              OBSERVATION
                                    483     1575       83       16        3        1        0        0 |      2161
                                    645    32208    13961     2193      840      432       96        0 |     50375
                                     75    17581    60664    25728     9900     4450      973        0 |    119371
              43h22_ref_summer       13     2468    26884    42832    32055    12883     2599        0 |    119734
                                      4      929     9364    25802    48870    34692     7775        0 |    127436
                                      0      415     3640     9552    29483    54914    23574        0 |    121578
                                      0       49      502     1506     5894    19107    21921        0 |     48979
                                      0        0        3       17      140      330      882        0 |      1372

                    SUM            1220    55225   115101   107646   127185   126809    57820        0 |    591006
                                              OBSERVATION
                                    466     1518       79       16        4        2        0        0 |      2085
                                    671    32970    15374     2296      898      431       87        0 |     52727
                                     65    16989    61942    27079    10113     4410      918        0 |    121516
             val46h1rc1_summer       10     2332    25547    43524    33326    13043     2648        0 |    120430
                                      3      919     8157    24707    49064    35225     7777        0 |    125852
                                      5      425     3462     8602    28101    55082    23820        0 |    119497
                                      0       72      534     1406     5593    18314    21812        0 |     47731
                                      0        0        6       16       86      302      758        0 |      1168

                    SUM            1220    55225   115101   107646   127185   126809    57820        0 |    591006

