 <pre>

 Contingency table for clouds <7500m (octas)
 Selection: ALL    204 stations
Period: 20220701-20220731
Used {00,06,12,18} + 03 06 ... 48
 Limits    1.0000000000000000        2.0000000000000000        3.0000000000000000        4.0000000000000000        5.0000000000000000        6.0000000000000000        7.0000000000000000     
 Each class is data <= limit, the very last > last limit
 Total number of values      249761
                                              OBSERVATION
                                  37165     3681     3718     2648     3289     2466     6311     5779 |     65057
                                   3863      757     1078      700     1036      908     2545     2204 |     13091
                                   3292      743      974      699     1018      805     2663     2185 |     12379
              43h22_ref_summer     3243      872     1160      848     1309     1004     3206     2615 |     14257
                                   3008      731     1096      867     1317     1150     3626     3125 |     14920
                                   2804      783     1176      895     1466     1236     4369     3817 |     16546
                                   3697      938     1518     1162     2009     1774     7450     7159 |     25707
                                   5974     1777     3368     2595     5179     4345    25948    38618 |     87804

                    SUM           63046    10282    14088    10414    16623    13688    56118    65502 |    249761
                                              OBSERVATION
                                  45263     5378     6139     4286     5741     4594    13071    11845 |     96317
                                   2240      556      776      571      821      729     2352     1958 |     10003
                                   1620      434      580      458      676      614     1890     1573 |      7845
          val46h1rc1_summer_v1     1355      385      566      396      678      563     1817     1420 |      7180
                                   1376      401      553      431      705      598     1905     1650 |      7619
                                   1683      414      647      512      847      667     2514     2093 |      9377
                                   2537      706     1101      883     1463     1208     4663     4418 |     16979
                                   6972     2008     3726     2877     5692     4715    27906    40545 |     94441

                    SUM           63046    10282    14088    10414    16623    13688    56118    65502 |    249761
                                              OBSERVATION
                                  36529     3581     3702     2569     3134     2500     5716     5373 |     63104
                                   3922      777     1033      732      943      787     2410     2123 |     12727
                                   3206      714      897      672      996      823     2477     2110 |     11895
          val46h1rc1_summer_v2     3293      740     1102      807     1165     1027     2971     2514 |     13619
                                   2938      785     1163      823     1363     1024     3525     2938 |     14559
                                   2785      798     1155      892     1442     1179     4384     3844 |     16479
                                   3965      986     1594     1255     2109     1871     7407     6874 |     26061
                                   6408     1901     3442     2664     5471     4477    27228    39726 |     91317

                    SUM           63046    10282    14088    10414    16623    13688    56118    65502 |    249761

