 <pre>

 Contingency table for Low clouds (octas)
 Selection: Sweden    123 stations
Period: 20220701-20220710
Used {00,06,12,18} + 03 06 ... 48
 Limits    1.0000000000000000        2.0000000000000000        3.0000000000000000        4.0000000000000000        5.0000000000000000        6.0000000000000000        7.0000000000000000     
 Each class is data <= limit, the very last > last limit
 Total number of values       52569
                                              OBSERVATION
                                  13109     1605     1162     1033      645      515      591      784 |     19444
                                   1755      416      323      263      195      167      179      242 |      3540
                                   1322      347      280      214      154      144      167      203 |      2831
              43h22_ref_summer     1071      411      290      226      179      158      167      235 |      2737
                                   1098      400      291      267      189      160      175      252 |      2832
                                   1006      437      385      309      197      196      194      310 |      3034
                                   1174      544      411      395      262      272      300      450 |      3808
                                   3008     1868     1524     1484     1050     1146     1238     3025 |     14343

                    SUM           23543     6028     4666     4191     2871     2758     3011     5501 |     52569
                                              OBSERVATION
                                  18045     3013     2259     1890     1262     1087     1140     1647 |     30343
                                    677      317      252      241      152      125      160      224 |      2148
                                    469      205      166      153      108       96      118      163 |      1478
             val46h1rc1_summer      340      209      134      129       89      113       90      131 |      1235
                                    330      187      161      150       87       84       87      120 |      1206
                                    430      207      158      147       96       97       97      151 |      1383
                                    601      251      218      179      145      121      158      239 |      1912
                                   2651     1639     1318     1302      932     1035     1161     2826 |     12864

                    SUM           23543     6028     4666     4191     2871     2758     3011     5501 |     52569

