 <pre>

 Contingency table for Cloud cover (octas)
 Selection: METCOOP    213 stations
Period: 20220701-20220731
Used {00,06,12,18} + 03 06 ... 48
 Limits   0.50000000000000000        1.5000000000000000        2.5000000000000000        3.5000000000000000        4.5000000000000000        5.5000000000000000        6.5000000000000000        7.5000000000000000     
 Each class is data <= limit, the very last > last limit
 Total number of values      325134
                                                       OBSERVATION
                                  15357     4314     2179     1929     1357     1385     1196     1846     2021 |     31584
                                   4389     2085     1199     1307     1004     1076      924     1983     1973 |     15940
                                   2637     1391      814      913      741      877      772     1737     1791 |     11673
                                   2218     1259      666      834      643      867      764     1746     1660 |     10657
              43h22_ref_summer     2076     1265      716      962      678      922      791     1960     1845 |     11215
                                   2042     1358      769      991      823     1151      942     2471     2233 |     12780
                                   2534     1678      897     1288     1004     1433     1260     3166     3099 |     16359
                                   3726     2513     1311     1878     1513     2330     2039     5705     5538 |     26553
                                   9876    10046     5046     8379     6438    12316    11661    48898    75713 |    188373

                    SUM           44855    25909    13597    18481    14201    22357    20349    69512    95873 |    325134
                                                       OBSERVATION
                                  21754     8054     4308     4453     3264     3735     3330     7043     7268 |     63209
                                   2885     1751     1004     1253     1034     1349     1187     2898     2951 |     16312
                                   1789     1095      591      826      666      907      731     2084     2004 |     10693
                                   1444      914      513      673      535      723      663     1712     1780 |      8957
             val46h1rc1_summer     1369      884      510      658      534      775      719     1710     1647 |      8806
                                   1473      911      517      703      567      794      751     1888     1906 |      9510
                                   1943     1114      619      866      640     1029      899     2492     2379 |     11981
                                   3262     1910      992     1323     1067     1667     1420     4527     4395 |     20563
                                   8936     9276     4543     7726     5894    11378    10649    45158    71543 |    175103

                    SUM           44855    25909    13597    18481    14201    22357    20349    69512    95873 |    325134

