 <pre>

 Contingency table for Cloud base (m)
 Selection: Norway     43 stations
Period: 20220701-20220731
Used {00,06,12,18} + 03 06 ... 48
 Limits    70.000000000000000        150.00000000000000        300.00000000000000        600.00000000000000        1000.0000000000000        1500.0000000000000        2500.0000000000000        5000.0000000000000     
 Each class is data <= limit, the very last > last limit
 Total number of values       24747
                                                       OBSERVATION
                                    187      200      390       77       30       17        6        0        0 |       907
                                    104       98      240       52       18       15        7        0        1 |       535
                                    111      187      564      176       41       31       12        0        3 |      1125
                                    200      217     1676      840      237       96       34        0       17 |      3317
              43h22_ref_summer      118      153     1265     1134      459      190       32        0       68 |      3419
                                     94      119      836      858      483      231       87        0       35 |      2743
                                     65       68      416      558      555      377      222        0       48 |      2309
                                     28       34      242      311      338      214      428        0       63 |      1658
                                    130       88      951     1560     1942      950     1337        0     1776 |      8734

                    SUM            1037     1164     6580     5566     4103     2121     2165        0     2011 |     24747
                                                       OBSERVATION
                                    170      194      367       75       20       16        8        0        0 |       850
                                    103       86      208       44       26       11        3        0        1 |       482
                                    112      161      560      162       39       27       12        0        2 |      1075
                                    190      221     1360      627      171       87       27        0        7 |      2690
          val46h1rc1_summer_v1      118      147     1158      842      354      131       26        0       35 |      2811
                                    101      119      851      832      396      213       66        0       24 |      2602
                                     48       61      446      549      461      298      155        0       34 |      2052
                                     26       47      252      299      289      196      270        0       40 |      1419
                                    169      128     1378     2136     2347     1142     1598        0     1868 |     10766

                    SUM            1037     1164     6580     5566     4103     2121     2165        0     2011 |     24747
                                                       OBSERVATION
                                    182      199      374       81       26       18        6        0        0 |       886
                                     90      102      236       61       24       19        7        0        1 |       540
                                    122      194      599      191       38       30       10        0        2 |      1186
                                    219      230     1716      843      236      117       36        0       15 |      3412
          val46h1rc1_summer_v2      117      156     1233     1101      480      188       33        0       50 |      3358
                                    107       97      842      826      480      223       78        0       36 |      2689
                                     48       71      420      572      574      367      208        0       54 |      2314
                                     28       40      241      278      337      209      439        0       53 |      1625
                                    124       75      919     1613     1908      950     1348        0     1800 |      8737

                    SUM            1037     1164     6580     5566     4103     2121     2165        0     2011 |     24747

