 <pre>

 Contingency table for Rh2m (%)
 Selection: Norway    216 stations
Period: 20220701-20220731
Used {00,06,12,18} + 03 06 ... 48
 Limits    30.000000000000000        50.000000000000000        65.000000000000000        75.000000000000000        85.000000000000000        95.000000000000000        100.00000000000000     
 Each class is data <= limit, the very last > last limit
 Total number of values      402416
                                              OBSERVATION
                                    109      372       23        0        3        0        0        0 |       507
                                    498    17981     5662      720      326       77        4        0 |     25268
                                     67    10838    26777     9662     3973     1398      173        0 |     52888
              43h22_ref_summer       16     1661    15846    21533    15776     6276     1077        0 |     62185
                                      0      437     6281    20374    37747    24962     4447        0 |     94248
                                      1      166     2353     8643    28968    53806    17339        0 |    111276
                                      0       19      390     1269     6468    23803    21162        0 |     53111
                                      0        0       11       55      321      700     1846        0 |      2933

                    SUM             691    31474    57343    62256    93582   111022    46048        0 |    402416
                                              OBSERVATION
                                    132      308       16        0        1        0        0        0 |       457
                                    481    18359     5665      704      326       76        3        0 |     25614
                                     66    10762    28332    10620     4274     1507      195        0 |     55756
             val46h1rc1_summer        7     1455    15467    22635    17308     7044     1177        0 |     65093
                                      4      399     5421    19225    37975    25898     4700        0 |     93622
                                      1      174     2080     7870    27395    53661    17757        0 |    108938
                                      0       17      351     1147     6013    22165    20611        0 |     50304
                                      0        0       11       55      290      671     1605        0 |      2632

                    SUM             691    31474    57343    62256    93582   111022    46048        0 |    402416

