 <pre>

 Contingency table for Visibility (m)
 Selection: ALL    717 stations
Period: 20220701-20220731
Used {00,06,12,18} + 03 06 ... 48
 Limits    1000.0000000000000        5000.0000000000000        10000.000000000000        20000.000000000000     
 Each class is data <= limit, the very last > last limit
 Total number of values     1289910
                                     OBSERVATION
                                   1278     1258     1105     1591     1461 |      6693
                                   3442    12468    18169    32512    33415 |    100006
              43h22_ref_summer     1713     8645    16740    41195    54625 |    122918
                                   2001     9722    30538    99968   229767 |    371996
                                   1596     6026    34394   143441   502840 |    688297

                    SUM           10030    38119   100946   318707   822108 |   1289910
                                     OBSERVATION
                                   1155     1076      937     1406     1236 |      5810
                                   3517    12627    17991    31722    31780 |     97637
          val46h1rc1_summer_v1     1734     8710    17090    40527    53762 |    121823
                                   2010     9593    30691    99900   222516 |    364710
                                   1614     6113    34237   145152   512814 |    699930

                    SUM           10030    38119   100946   318707   822108 |   1289910
                                     OBSERVATION
                                   1216     1117     1014     1576     1421 |      6344
                                   3375    12469    18075    32332    33722 |     99973
          val46h1rc1_summer_v2     1799     8592    16599    40570    53405 |    120965
                                   2028     9890    30636   100372   225342 |    368268
                                   1612     6051    34622   143857   508218 |    694360

                    SUM           10030    38119   100946   318707   822108 |   1289910

