 <pre>

 Contingency table for Rh2m (%)
 Selection: ALL   1017 stations
Period: 20220701-20220731
Used {00,06,12,18} + 03 06 ... 48
 Limits    30.000000000000000        50.000000000000000        65.000000000000000        75.000000000000000        85.000000000000000        95.000000000000000        100.00000000000000     
 Each class is data <= limit, the very last > last limit
 Total number of values     1924367
                                              OBSERVATION
                                   7366     4969      243       54       15        1        0        0 |     12648
                                   4120   108708    44860     6037     2378      979      181        0 |    167263
                                    294    53317   184665    80095    29441    11876     2480        0 |    362168
              43h22_ref_summer       39     7014    80743   135341    97472    38586     8091        0 |    367286
                                     13     2109    26264    81496   155044   111643    27357        0 |    403926
                                      2      850     9304    28665    95017   196477    89860        0 |    420175
                                      0       81     1400     4404    18597    70609    88035        0 |    183126
                                      0        0       15       80      564     1687     5429        0 |      7775

                    SUM           11834   177048   347494   336172   398528   431858   221433        0 |   1924367
                                              OBSERVATION
                                   6815     4405      209       52       12        2        0        0 |     11495
                                   4671   110416    48262     6276     2422     1022      169        0 |    173238
                                    303    52938   189083    85438    30865    12106     2384        0 |    373117
          val46h1rc1_summer_v1       26     6342    76783   136828   101212    39452     8083        0 |    368726
                                     13     2032    23085    77506   156169   114733    27578        0 |    401116
                                      6      811     8770    26080    90382   196362    91440        0 |    413851
                                      0      104     1282     3917    16996    66659    87307        0 |    176265
                                      0        0       20       75      470     1522     4472        0 |      6559

                    SUM           11834   177048   347494   336172   398528   431858   221433        0 |   1924367
                                              OBSERVATION
                                   7570     5767      252       58       10        2        2        0 |     13661
                                   3908   109154    48514     6573     2524     1049      177        0 |    171899
                                    297    52080   183051    83564    31406    12441     2521        0 |    365360
          val46h1rc1_summer_v2       44     7068    78694   133054    99502    40486     8550        0 |    367398
                                     12     2050    26068    79475   152474   112774    27759        0 |    400612
                                      3      811     9449    28742    93116   193751    90198        0 |    416070
                                      0      118     1449     4631    18927    69607    87189        0 |    181921
                                      0        0       17       75      569     1748     5037        0 |      7446

                    SUM           11834   177048   347494   336172   398528   431858   221433        0 |   1924367

