 <pre>

 Contingency table for Cloud cover (octas)
 Selection: ALL    407 stations
Period: 20220701-20220731
Used {00,06,12,18} + 03 06 ... 48
 Limits   0.50000000000000000        1.5000000000000000        2.5000000000000000        3.5000000000000000        4.5000000000000000        5.5000000000000000        6.5000000000000000        7.5000000000000000     
 Each class is data <= limit, the very last > last limit
 Total number of values      668745
                                                       OBSERVATION
                                  46369    12836    14606     7884     4239     6191     6918     3858     6937 |    109838
                                   8653     3648     5332     3826     2399     3823     5258     3447     6084 |     42470
                                   4416     2122     3209     2502     1647     2829     4176     2916     5527 |     29344
                                   3473     1697     2487     2150     1432     2563     3860     2723     5403 |     25788
              43h22_ref_summer     3174     1603     2442     2093     1501     2677     4230     2987     5997 |     26704
                                   3050     1522     2430     2292     1702     2891     4722     3718     7285 |     29612
                                   3422     1781     2638     2526     1925     3586     6091     5027    10139 |     37135
                                   4927     2470     3759     3653     2798     5358     9207     8464    18207 |     58843
                                  10716     6262     8823     9200     7337    16209    35253    53957   161254 |    309011

                    SUM           88200    33941    45726    36126    24980    46127    79715    87097   226833 |    668745
                                                       OBSERVATION
                                  59067    18667    22951    14429     8496    13132    17005    11966    20978 |    186691
                                   4582     2326     3535     2998     2163     3869     5784     4507     8676 |     38440
                                   2535     1361     2066     1802     1350     2412     3737     3050     5989 |     24302
                                   2105     1067     1564     1437     1132     1947     3246     2526     5212 |     20236
          val46h1rc1_summer_v1     1891     1006     1472     1426     1049     1951     3078     2617     5274 |     19764
                                   1914      973     1519     1382      993     1977     3110     2900     6045 |     20813
                                   2564     1179     1877     1738     1346     2493     4244     3854     8319 |     27614
                                   3933     1908     2859     2609     2003     3836     6860     6689    15348 |     46045
                                   9609     5454     7883     8305     6448    14510    32651    48988   150992 |    284840

                    SUM           88200    33941    45726    36126    24980    46127    79715    87097   226833 |    668745
                                                       OBSERVATION
                                  46809    13047    14420     7972     4403     6191     6836     4167     6891 |    110736
                                   8535     3692     5294     3768     2381     3951     5134     3614     6359 |     42728
                                   4459     2132     3134     2510     1631     2847     4043     2866     5416 |     29038
                                   3417     1681     2537     2115     1453     2592     3821     2702     5295 |     25613
          val46h1rc1_summer_v2     3124     1527     2345     2143     1547     2716     4139     3108     5940 |     26589
                                   2879     1547     2451     2206     1678     2942     4750     3658     7153 |     29264
                                   3323     1744     2689     2547     1885     3486     5898     5042     9995 |     36609
                                   4909     2415     3840     3611     2786     5274     9199     8573    18193 |     58800
                                  10745     6156     9016     9254     7216    16128    35895    53367   161591 |    309368

                    SUM           88200    33941    45726    36126    24980    46127    79715    87097   226833 |    668745

