 <pre>

 Contingency table for Cloud base (m)
 Selection: ALL    641 stations
Period: 20220701-20220731
Used {00,06,12,18} + 03 06 ... 48
 Limits    70.000000000000000        150.00000000000000        300.00000000000000        600.00000000000000        1000.0000000000000        1500.0000000000000        2500.0000000000000        5000.0000000000000     
 Each class is data <= limit, the very last > last limit
 Total number of values      671617
                                                       OBSERVATION
                                    638      924     1037      454      280       80       60      128       58 |      3659
                                    482     1278     1842     1048      489      138       99      149       71 |      5596
                                    669     2585     6248     4249     2026      550      411      406      241 |     17385
                                    665     2176     9492    15032     7788     2353     1812     1151      753 |     41222
              43h22_ref_summer      431     1045     4920    13734    24340     9803     5196     2758     3827 |     66054
                                    355      695     3034     7902    20639    25567    14402     5625     5726 |     83945
                                    429      699     2524     7705    17472    15938    27245    14916     9535 |     96463
                                    366      592     1770     5160     9955     6091    10687    22427     4678 |     61726
                                   1758     1437     4460    14874    42601    31324    32142    44701   122270 |    295567

                    SUM            5793    11431    35327    70158   125590    91844    92054    92261   147159 |    671617
                                                       OBSERVATION
                                    540      783      871      402      254       62       49      152       62 |      3175
                                    483     1132     1578      830      446      111       83      117       50 |      4830
                                    647     2474     5480     3614     1723      448      330      312      172 |     15200
                                    596     2053     8303    11560     5517     1661     1214      792      492 |     32188
          val46h1rc1_summer_v1      416     1051     4857    11817    15816     5694     3170     1700     1749 |     46270
                                    320      694     3213     8093    18928    19932    10192     3659     3236 |     68267
                                    368      701     2696     7506    15798    15922    23331    11240     6511 |     84073
                                    293      598     1933     5208     8797     5537     9840    16615     3053 |     51874
                                   2130     1945     6396    21128    58311    42477    43845    57674   131834 |    365740

                    SUM            5793    11431    35327    70158   125590    91844    92054    92261   147159 |    671617
                                                       OBSERVATION
                                    578      869      999      466      280       65       53      149       78 |      3537
                                    486     1275     1833      996      540      160      113      135       61 |      5599
                                    712     2624     6371     4496     2161      609      468      444      213 |     18098
                                    667     2282     9624    15152     8328     2621     1971     1279      785 |     42709
          val46h1rc1_summer_v2      439     1051     4808    13626    23374    10041     5417     2853     3433 |     65042
                                    379      662     2999     7800    21084    25181    15058     5934     5728 |     84825
                                    417      653     2572     7841    17265    15713    26877    15113     9609 |     96060
                                    366      603     1780     5001     9879     5849    10670    22680     4795 |     61623
                                   1749     1412     4341    14780    42679    31605    31427    43674   122457 |    294124

                    SUM            5793    11431    35327    70158   125590    91844    92054    92261   147159 |    671617

