 <pre>

 Contingency table for Visibility (m)
 Selection: METCOOP    271 stations
Period: 20220701-20220731
Used {00,06,12,18} + 03 06 ... 48
 Limits    1000.0000000000000        5000.0000000000000        10000.000000000000        20000.000000000000     
 Each class is data <= limit, the very last > last limit
 Total number of values      475077
                                     OBSERVATION
                                    730      744      786      986     1179 |      4425
                                   1282     3274     5630    10204    21563 |     41953
              43h22_ref_summer      573     1513     2191     6628    23253 |     34158
                                    979     2049     3700    14378    98309 |    119415
                                   1015     2162     3550    25531   242868 |    275126

                    SUM            4579     9742    15857    57727   387172 |    475077
                                     OBSERVATION
                                    661      658      662      823     1006 |      3810
                                   1317     3283     5428     9844    20568 |     40440
          val46h1rc1_summer_v1      605     1571     2300     6415    22948 |     33839
                                    979     2026     3788    14551    96000 |    117344
                                   1017     2204     3679    26094   246650 |    279644

                    SUM            4579     9742    15857    57727   387172 |    475077
                                     OBSERVATION
                                    710      684      755      964     1170 |      4283
                                   1266     3379     5697    10574    22310 |     43226
          val46h1rc1_summer_v2      615     1499     2201     6577    23496 |     34388
                                    973     2040     3733    14508    98479 |    119733
                                   1015     2140     3471    25104   241717 |    273447

                    SUM            4579     9742    15857    57727   387172 |    475077

