 <pre>

 Contingency table for Visibility (m)
 Selection: Sweden    157 stations
Period: 20220701-20220731
Used {00,06,12,18} + 03 06 ... 48
 Limits    1000.0000000000000        5000.0000000000000        10000.000000000000        20000.000000000000     
 Each class is data <= limit, the very last > last limit
 Total number of values      299777
                                     OBSERVATION
                                     90      329      464      577      821 |      2281
                                    723     2006     3515     5136    14321 |     25701
              43h22_ref_summer      408      977     1352     3429    15322 |     21488
                                    732     1207     1839     6341    65760 |     75879
                                    861     1427     1766     8408   161966 |    174428

                    SUM            2814     5946     8936    23891   258190 |    299777
                                     OBSERVATION
                                     71      274      373      465      691 |      1874
                                    722     2073     3442     5057    13877 |     25171
          val46h1rc1_summer_v1      429      998     1388     3264    15194 |     21273
                                    743     1172     1921     6541    64267 |     74644
                                    849     1429     1812     8564   164161 |    176815

                    SUM            2814     5946     8936    23891   258190 |    299777
                                     OBSERVATION
                                     87      285      453      548      833 |      2206
                                    711     2134     3564     5308    14879 |     26596
          val46h1rc1_summer_v2      427      954     1347     3352    15196 |     21276
                                    728     1165     1827     6369    66106 |     76195
                                    861     1408     1745     8314   161176 |    173504

                    SUM            2814     5946     8936    23891   258190 |    299777

