 <pre>

 Contingency table for Cloud cover (octas)
 Selection: Denmark     17 stations
Period: 20220701-20220731
Used {00,06,12,18} + 03 06 ... 48
 Limits   0.50000000000000000        1.5000000000000000        2.5000000000000000        3.5000000000000000        4.5000000000000000        5.5000000000000000        6.5000000000000000        7.5000000000000000     
 Each class is data <= limit, the very last > last limit
 Total number of values       32862
                                                       OBSERVATION
                                   3888      951      113      205       61      177       45      257      103 |      5800
                                    785      406       77      169       55      146       29      238       82 |      1987
                                    447      260       52      105       28      105       39      217       43 |      1296
                                    369      255       44      118       36      105       42      211       58 |      1238
              43h22_ref_summer      327      216       49      121       34      110       41      232       55 |      1185
                                    358      224       43      147       47      142       48      340       57 |      1406
                                    392      270       53      156       56      232       67      498      114 |      1838
                                    598      481       74      294       87      341      106      774      201 |      2956
                                   1592     1622      254      996      277     1527      481     5540     2867 |     15156

                    SUM            8756     4685      759     2311      681     2885      898     8307     3580 |     32862
                                                       OBSERVATION
                                   4980     1743      224      587      163      578      124     1045      315 |      9759
                                    473      297       71      178       58      172       58      406       88 |      1801
                                    299      184       43       99       33      116       42      266       49 |      1131
                                    244      151       29       85       32       88       25      204       53 |       911
             val46h1rc1_summer      231      187       38      120       35       89       37      193       48 |       978
                                    237      164       41       85       31      117       52      259       66 |      1052
                                    332      211       28      117       41      146       51      314       81 |      1321
                                    489      327       64      188       53      268       88      590      144 |      2211
                                   1471     1421      221      852      235     1311      421     5030     2736 |     13698

                    SUM            8756     4685      759     2311      681     2885      898     8307     3580 |     32862

