 <pre>

 Contingency table for Visibility (m)
 Selection: METCOOP    264 stations
Period: 20220701-20220710
Used {00,06,12,18} + 03 06 ... 48
 Limits    1000.0000000000000        5000.0000000000000        10000.000000000000        20000.000000000000     
 Each class is data <= limit, the very last > last limit
 Total number of values      146918
                                     OBSERVATION
                                    197      132      166      222      197 |       914
                                    400      922     1200     2652     5967 |     11141
              43h22_ref_summer      157      407      561     1733     7341 |     10199
                                    340      510      923     3866    30750 |     36389
                                    199      465      978     7982    78651 |     88275

                    SUM            1293     2436     3828    16455   122906 |    146918
                                     OBSERVATION
                                    160      113      130      203      149 |       755
                                    426      932     1206     2555     5879 |     10998
             val46h1rc1_summer      167      429      580     1694     7178 |     10048
                                    326      491      933     3948    29938 |     35636
                                    214      471      979     8055    79762 |     89481

                    SUM            1293     2436     3828    16455   122906 |    146918

