 <pre>

 Contingency table for Rh2m (%)
 Selection: Norway    216 stations
Period: 20220701-20220717
Used {00,06,12,18} + 03 06 ... 48
 Limits    30.000000000000000        50.000000000000000        65.000000000000000        75.000000000000000        85.000000000000000        95.000000000000000        100.00000000000000     
 Each class is data <= limit, the very last > last limit
 Total number of values      217102
                                              OBSERVATION
                                     69      247        2        0        0        0        0        0 |       318
                                    258    10290     2668      276       96       14        2        0 |     13604
                                     35     6470    14302     4368     1791      519       60        0 |     27545
              43h22_ref_summer       16      943     9011    11372     8015     2775      345        0 |     32477
                                      0      265     3852    11517    20480    13083     1968        0 |     51165
                                      1      122     1470     5140    16760    28707     9047        0 |     61247
                                      0       12      216      684     3931    13455    11355        0 |     29653
                                      0        0        3       19      123      269      679        0 |      1093

                    SUM             379    18349    31524    33376    51196    58822    23456        0 |    217102
                                              OBSERVATION
                                     87      214        4        0        0        0        0        0 |       305
                                    245    10528     2786      311      121       11        0        0 |     14002
                                     35     6317    15001     4850     1903      578       65        0 |     28749
             val46h1rc1_summer        7      857     8869    11962     8722     3070      387        0 |     33874
                                      4      280     3356    10913    20660    13491     2068        0 |     50772
                                      1      142     1300     4685    16068    28794     9099        0 |     60089
                                      0       11      208      632     3614    12600    11230        0 |     28295
                                      0        0        0       23      108      278      607        0 |      1016

                    SUM             379    18349    31524    33376    51196    58822    23456        0 |    217102

