 <pre>

 Contingency table for Low clouds (octas)
 Selection: METCOOP    229 stations
Period: 20220701-20220710
Used {00,06,12,18} + 03 06 ... 48
 Limits    1.0000000000000000        2.0000000000000000        3.0000000000000000        4.0000000000000000        5.0000000000000000        6.0000000000000000        7.0000000000000000     
 Each class is data <= limit, the very last > last limit
 Total number of values      101005
                                              OBSERVATION
                                  31222     2724     2261     1640     1319      934     1439     1175 |     42714
                                   3493      579      548      395      368      301      442      384 |      6510
                                   2586      467      462      332      298      257      392      323 |      5117
              43h22_ref_summer     2141      546      476      338      343      267      410      349 |      4870
                                   2106      529      497      399      358      269      443      374 |      4975
                                   2018      591      609      426      384      332      556      431 |      5347
                                   2328      684      677      549      539      456      791      625 |      6649
                                   5593     2403     2213     1980     2042     2072     3557     4963 |     24823

                    SUM           51487     8523     7743     6059     5651     4888     8030     8624 |    101005
                                              OBSERVATION
                                  41034     4605     4055     2898     2535     1907     2965     2529 |     62528
                                   1304      404      374      334      258      225      385      335 |      3619
                                    859      273      270      226      193      177      277      233 |      2508
             val46h1rc1_summer      692      286      232      177      175      166      225      183 |      2136
                                    649      253      255      207      173      147      214      179 |      2077
                                    842      262      250      199      194      159      254      207 |      2367
                                   1191      339      311      254      276      218      422      325 |      3336
                                   4916     2101     1996     1764     1847     1889     3288     4633 |     22434

                    SUM           51487     8523     7743     6059     5651     4888     8030     8624 |    101005

