 <pre>

 Contingency table for Rh2m (%)
 Selection: Finland    128 stations
Period: 20220701-20220710
Used {00,06,12,18} + 03 06 ... 48
 Limits    30.000000000000000        50.000000000000000        65.000000000000000        75.000000000000000        85.000000000000000        95.000000000000000        100.00000000000000     
 Each class is data <= limit, the very last > last limit
 Total number of values       75587
                                              OBSERVATION
                                     39      235       18        2        1        0        0        0 |       295
                                     98     4304     2364      371      154      106       18        0 |      7415
                                     10     2370     8733     4582     1892      959      270        0 |     18816
              43h22_ref_summer        0      404     3343     5612     4580     2127      618        0 |     16684
                                      2      190     1241     2828     5971     4256     1247        0 |     15735
                                      0       88      604      933     2677     4810     2760        0 |     11872
                                      0        9      103      234      401     1515     2327        0 |      4589
                                      0        0        0        2        2       15      162        0 |       181

                    SUM             149     7600    16406    14564    15678    13788     7402        0 |     75587
                                              OBSERVATION
                                     36      224       19        1        0        1        0        0 |       281
                                    104     4540     2625      413      180       97       14        0 |      7973
                                      7     2243     8834     4494     1829      962      254        0 |     18623
             val46h1rc1_summer        0      341     3181     5959     4862     2178      635        0 |     17156
                                      0      154     1106     2693     6078     4339     1268        0 |     15638
                                      2       87      552      794     2373     4829     2771        0 |     11408
                                      0       11       89      208      356     1372     2330        0 |      4366
                                      0        0        0        2        0       10      130        0 |       142

                    SUM             149     7600    16406    14564    15678    13788     7402        0 |     75587

