 <pre>

 Contingency table for Rh2m (%)
 Selection: Sweden    170 stations
Period: 20220701-20220717
Used {00,06,12,18} + 03 06 ... 48
 Limits    30.000000000000000        50.000000000000000        65.000000000000000        75.000000000000000        85.000000000000000        95.000000000000000        100.00000000000000     
 Each class is data <= limit, the very last > last limit
 Total number of values      175649
                                              OBSERVATION
                                     82      170        0        0        0        0        0        0 |       252
                                    442     9520     4291      628      188      106       20        0 |     15195
                                     90     7633    19405     7358     2760      973      131        0 |     38350
              43h22_ref_summer        7     1096     9631    12896     8028     3010      483        0 |     35151
                                      0      307     3290     9063    12500     7822     1982        0 |     34964
                                      0      156     1384     3860     9939    13296     5755        0 |     34390
                                      0       26      213      776     2985     6749     6107        0 |     16856
                                      0        0        2        6       68      164      251        0 |       491

                    SUM             621    18908    38216    34587    36468    32120    14729        0 |    175649
                                              OBSERVATION
                                     79      168        1        0        0        0        0        0 |       248
                                    443    10082     4924      645      195       77       11        0 |     16377
                                     96     7241    19532     7691     2706      920      105        0 |     38291
             val46h1rc1_summer        3      955     9290    13096     8252     3068      527        0 |     35191
                                      0      286     2945     8825    12864     8002     2009        0 |     34931
                                      0      138     1301     3633     9659    13364     5872        0 |     33967
                                      0       38      220      692     2740     6527     5990        0 |     16207
                                      0        0        3        5       52      162      215        0 |       437

                    SUM             621    18908    38216    34587    36468    32120    14729        0 |    175649

