 <pre>

 Contingency table for Visibility (m)
 Selection: ALL    701 stations
Period: 20220701-20220731
Used {00,06,12,18} + 03 06 ... 48
 Limits    1000.0000000000000        5000.0000000000000        10000.000000000000        20000.000000000000     
 Each class is data <= limit, the very last > last limit
 Total number of values     1282165
                                     OBSERVATION
                                   1309     1236     1070     1542     1378 |      6535
                                   3452    12346    17927    32479    33010 |     99214
              43h22_ref_summer     1721     8663    16482    41339    54408 |    122613
                                   2003     9755    29995    99845   228710 |    370308
                                   1584     5930    33565   141628   500788 |    683495

                    SUM           10069    37930    99039   316833   818294 |   1282165
                                     OBSERVATION
                                   1178     1063      878     1371     1159 |      5649
                                   3530    12504    17759    31672    31421 |     96886
          val46h1rc1_summer_v1     1740     8743    16814    40676    53555 |    121528
                                   2015     9597    30135    99788   221499 |    363034
                                   1606     6023    33453   143326   510660 |    695068

                    SUM           10069    37930    99039   316833   818294 |   1282165
                                     OBSERVATION
                                   1245     1089      982     1535     1350 |      6201
                                   3388    12353    17826    32326    33329 |     99222
          val46h1rc1_summer_v2     1801     8602    16335    40720    53209 |    120667
                                   2031     9925    30092   100227   224358 |    366633
                                   1604     5961    33804   142025   506048 |    689442

                    SUM           10069    37930    99039   316833   818294 |   1282165

