 <pre>

 Contingency table for Low clouds (octas)
 Selection: Denmark     17 stations
Period: 20220701-20220731
Used {00,06,12,18} + 03 06 ... 48
 Limits    1.0000000000000000        2.0000000000000000        3.0000000000000000        4.0000000000000000        5.0000000000000000        6.0000000000000000        7.0000000000000000     
 Each class is data <= limit, the very last > last limit
 Total number of values       30877
                                              OBSERVATION
                                  12989      324      816      177      463      128      538      339 |     15774
                                    729       57      175       30      105       27      125       54 |      1302
                                    565       65      148       29       84       25      104       52 |      1072
              43h22_ref_summer      493       46      164       30       87       20      115       50 |      1005
                                    506       60      186       31      113       30      163       49 |      1138
                                    505       67      225       44      166       41      184       67 |      1299
                                    623       77      335       68      233       76      333      138 |      1883
                                   1351      229     1703      154     1180      219     1179     1389 |      7404

                    SUM           17761      925     3752      563     2431      566     2741     2138 |     30877
                                              OBSERVATION
                                  15299      520     1483      300      889      223     1057      594 |     20365
                                    276       31      110       31       78       16      103       39 |       684
                                    173       33      106       17       53       19       81       37 |       519
          val46h1rc1_summer_v1      203       29      104       18       77       18       65       28 |       542
                                    176       36      103       28       65       20       95       37 |       560
                                    207       32      125       22       80       26      108       33 |       633
                                    305       43      193       20      138       39      192       85 |      1015
                                   1122      201     1528      127     1051      205     1040     1285 |      6559

                    SUM           17761      925     3752      563     2431      566     2741     2138 |     30877
                                              OBSERVATION
                                  13460      347      886      196      578      140      639      389 |     16635
                                    642       62      201       31       96       23      130       60 |      1245
                                    481       40      136       36       73       33      116       38 |       953
          val46h1rc1_summer_v2      478       57      170       34       92       25      103       46 |      1005
                                    442       59      155       36      114       29      158       57 |      1050
                                    430       59      227       36      166       43      184       64 |      1209
                                    573       88      333       57      211       57      289      124 |      1732
                                   1255      213     1644      137     1101      216     1122     1360 |      7048

                    SUM           17761      925     3752      563     2431      566     2741     2138 |     30877

