 <pre>

 Contingency table for Cloud base (m)
 Selection: Finland     69 stations
Period: 20220701-20220731
Used {00,06,12,18} + 03 06 ... 48
 Limits    70.000000000000000        150.00000000000000        300.00000000000000        600.00000000000000        1000.0000000000000        1500.0000000000000        2500.0000000000000        5000.0000000000000     
 Each class is data <= limit, the very last > last limit
 Total number of values       63554
                                                       OBSERVATION
                                    109      141      133       46       21        7       14        4        2 |       477
                                     57      184      320      136       24       14       37       19        5 |       796
                                     79      404      951      568      157      102      166       96       22 |      2545
                                     71      372     1550     2232      991      445      532      257       35 |      6485
              43h22_ref_summer       60      186      731     1793     2421     1171     1201      637       96 |      8296
                                     53      179      514      857     1740     2982     3039     1210      168 |     10742
                                     54      134      445      813     1078     1778     4717     2147      229 |     11395
                                     45      110      275      398      551      790     2001     2516      270 |      6956
                                    305      172      565     1188     1588     2068     4838     4425      713 |     15862

                    SUM             833     1882     5484     8031     8571     9357    16545    11311     1540 |     63554
                                                       OBSERVATION
                                     89      137      110       45       11        5       10        7        0 |       414
                                     64      149      271      115       18       14       28       18        0 |       677
                                     60      377      834      498      103       78      139       75       14 |      2178
                                     55      320     1294     1686      708      295      405      174       29 |      4966
          val46h1rc1_summer_v1       62      201      767     1662     1624      733      812      429       58 |      6348
                                     39      142      529      969     1894     2410     2165      874      124 |      9146
                                     57      164      481      845     1130     1951     4253     1712      174 |     10767
                                     47      124      349      459      547      731     1871     2068      164 |      6360
                                    360      268      849     1752     2536     3140     6862     5954      977 |     22698

                    SUM             833     1882     5484     8031     8571     9357    16545    11311     1540 |     63554
                                                       OBSERVATION
                                     88      146      148       57       19        3       14        5        2 |       482
                                     63      198      323      132       34       21       46       25        5 |       847
                                     86      419     1028      684      201      121      192       95       17 |      2843
                                     73      396     1595     2359     1178      567      663      314       49 |      7194
          val46h1rc1_summer_v2       59      192      719     1672     2405     1307     1353      734       89 |      8530
                                     44      148      470      891     1752     2996     3279     1264      166 |     11010
                                     66      118      426      752      992     1753     4596     2148      222 |     11073
                                     57      101      305      387      536      663     1963     2549      266 |      6827
                                    297      164      470     1097     1454     1926     4439     4177      724 |     14748

                    SUM             833     1882     5484     8031     8571     9357    16545    11311     1540 |     63554

