 <pre>

 Contingency table for Cloud cover (octas)
 Selection: Norway     38 stations
Period: 20220701-20220731
Used {00,06,12,18} + 03 06 ... 48
 Limits   0.50000000000000000        1.5000000000000000        2.5000000000000000        3.5000000000000000        4.5000000000000000        5.5000000000000000        6.5000000000000000        7.5000000000000000     
 Each class is data <= limit, the very last > last limit
 Total number of values       44018
                                                       OBSERVATION
                                   1012      979      533      505      309      282      294      304      189 |      4407
                                    251      194      199      188      207      174      199      283      183 |      1878
                                    153      101      134      128      120      133      177      243      167 |      1356
                                    119       90       85       99      110      162      157      243      185 |      1250
              43h22_ref_summer       98       70       95      110      120      123      175      264      177 |      1232
                                     98       80       75       90      120      149      196      281      195 |      1284
                                    114       82       93      127      123      174      272      389      290 |      1664
                                    167      109      123      156      204      291      409      697      526 |      2682
                                    528      334      356      511      732     1220     2855     7164    14565 |     28265

                    SUM            2540     2039     1693     1914     2045     2708     4734     9868    16477 |     44018
                                                       OBSERVATION
                                   1340     1214      847      803      668      614      719     1076      725 |      8006
                                    139      122      132      145      170      202      248      387      348 |      1893
                                     84       86       64       87      106      124      146      288      233 |      1218
                                     72       57       52       69       69       88      137      251      227 |      1022
          val46h1rc1_summer_v1       75       51       55       67       82      118      143      237      170 |       998
                                     80       45       62       69       86       92      149      241      174 |       998
                                     85       70       60       93       90      156      211      334      260 |      1359
                                    158       93       98       93      128      218      324      592      465 |      2169
                                    507      301      323      488      646     1096     2657     6462    13875 |     26355

                    SUM            2540     2039     1693     1914     2045     2708     4734     9868    16477 |     44018
                                                       OBSERVATION
                                   1034      970      542      506      319      285      291      306      192 |      4445
                                    270      185      201      201      171      194      202      289      192 |      1905
                                    125      121      149      124      125      127      163      237      164 |      1335
                                    131       94       93      129      106      144      178      234      162 |      1271
          val46h1rc1_summer_v2       99       76       67       88      123      147      164      254      186 |      1204
                                     76       84       73       87      135      143      206      273      209 |      1286
                                    120       87       75      109      132      175      229      423      297 |      1647
                                    161       93      129      142      197      272      428      697      522 |      2641
                                    524      329      364      528      737     1221     2873     7155    14553 |     28284

                    SUM            2540     2039     1693     1914     2045     2708     4734     9868    16477 |     44018

