 <pre>

 Contingency table for 3h Precipitation (mm/3h)
 Selection: ALL    236 stations
Period: 20220701-20220731
Used {00,06,12,18} + 03 06 ... 48
 Limits   0.10000000000000001       0.20000000000000001       0.50000000000000000        1.0000000000000000        2.0000000000000000        5.0000000000000000        10.000000000000000        15.000000000000000        20.000000000000000     
 Each class is data <= limit, the very last > last limit
 Total number of values      362363
                                                       OBSERVATION
                                 276423     4184     5305     5029     2550     2387      825      165       31       17 |    296916
                                   8495      598      918      962      605      496      185       25        8        5 |     12297
                                   9284      772     1338     1459      878      938      318       51       17        3 |     15058
                                   5834      582     1126     1326      960     1001      303       58       14        3 |     11207
              43h22_ref_summer     4476      534     1027     1427     1186     1315      486       57       29        7 |     10544
                                   3456      433      903     1491     1480     1987      794      137       42       14 |     10737
                                   1075      111      319      462      475      841      491      157       69       34 |      4034
                                    206       27       52      116      100      220      168       82       45        9 |      1025
                                     76        8       18       33       25       50       63       30       21       14 |       338
                                     38        4       19       27       13       30       32       16       16       12 |       207

                    SUM          309363     7253    11025    12332     8272     9265     3665      778      292      118 |    362363
                                                       OBSERVATION
                                 279954     5333     7562     7925     4938     5355     2028      427      160       56 |    313738
                                   5146      302      451      480      254      203       81       11        0        0 |      6928
                                   5731      411      715      723      448      405      111       18       11        3 |      8576
                                   4070      308      588      697      477      489      165       22       11        3 |      6830
          val46h1rc1_summer_v1     3726      311      559      805      652      660      208       40        9        4 |      6974
                                   4683      281      577      897      863     1172      460       65       23        9 |      9030
                                   2933      136      280      415      360      614      341       82       25       12 |      5198
                                   1330       83      122      187      140      187      140       51       23       10 |      2273
                                    741       32       68       85       59       75       56       34       16       12 |      1178
                                   1049       56      103      118       81      105       75       28       14        9 |      1638

                    SUM          309363     7253    11025    12332     8272     9265     3665      778      292      118 |    362363
                                                       OBSERVATION
                                 280175     5305     7582     7968     5031     5412     2034      428      155       56 |    314146
                                   5061      308      491      455      267      207       67        5        3        0 |      6864
                                   5834      442      708      754      442      430      143       21        7        2 |      8783
                                   4170      320      560      689      442      456      154       21       10        4 |      6826
          val46h1rc1_summer_v2     3773      301      572      839      598      690      223       29       14        2 |      7041
                                   4597      295      519      860      828     1099      477       83       29       11 |      8798
                                   2818      130      321      421      395      621      311      100       33       17 |      5167
                                   1328       65      127      144      116      172      126       45       17       11 |      2151
                                    701       30       53       86       67       74       69       23       13        5 |      1121
                                    906       57       92      116       86      104       61       23       11       10 |      1466

                    SUM          309363     7253    11025    12332     8272     9265     3665      778      292      118 |    362363

