 <pre>

 Contingency table for Low clouds (octas)
 Selection: Norway     37 stations
Period: 20220701-20220731
Used {00,06,12,18} + 03 06 ... 48
 Limits    1.0000000000000000        2.0000000000000000        3.0000000000000000        4.0000000000000000        5.0000000000000000        6.0000000000000000        7.0000000000000000     
 Each class is data <= limit, the very last > last limit
 Total number of values       33326
                                              OBSERVATION
                                   6991     1507      921      856      789      518      674      368 |     12624
                                    347      165      138      150      154      150      207      105 |      1416
                                    205       83      112      156      130      134      160       77 |      1057
              43h22_ref_summer      178       90      104      123      135      115      171       95 |      1011
                                    156       65      104      140      122      110      172       96 |       965
                                    158       90      101      131      138      135      211      124 |      1088
                                    200      120      109      177      216      225      325      180 |      1552
                                    758      721      645     1009     1488     2190     3236     3566 |     13613

                    SUM            8993     2841     2234     2742     3172     3577     5156     4611 |     33326
                                              OBSERVATION
                                   7878     1908     1362     1391     1300     1062     1473      773 |     17147
                                    104       61       76      116      103      109      152      102 |       823
                                     62       49       51       74       77       83      107       68 |       571
          val46h1rc1_summer_v1       54       44       46       55       61       61       67       68 |       456
                                     48       31       36       55       66       57       85       66 |       444
                                     56       36       37       61       88       74      106       68 |       526
                                     98       59       52       92      119      116      173      108 |       817
                                    693      653      574      898     1358     2015     2993     3358 |     12542

                    SUM            8993     2841     2234     2742     3172     3577     5156     4611 |     33326
                                              OBSERVATION
                                   7061     1517      927      858      802      527      707      341 |     12740
                                    299      152      144      161      149      153      185       93 |      1336
                                    242       89      123      133      115      121      156      100 |      1079
          val46h1rc1_summer_v2      168       79       97      119      127      106      187       82 |       965
                                    154       88       87      139      127      112      167       93 |       967
                                    125       78       80      128      135      119      199       99 |       963
                                    186      114      140      207      250      236      313      207 |      1653
                                    758      724      636      997     1467     2203     3242     3596 |     13623

                    SUM            8993     2841     2234     2742     3172     3577     5156     4611 |     33326

