 <pre>

 Contingency table for Visibility (m)
 Selection: Estonia     22 stations
Period: 20220701-20220731
Used {00,06,12,18} + 03 06 ... 48
 Limits    1000.0000000000000        5000.0000000000000        10000.000000000000        20000.000000000000     
 Each class is data <= limit, the very last > last limit
 Total number of values       42428
                                     OBSERVATION
                                      6        1        0       19        2 |        28
                                    147      107      277     1917      804 |      3252
              43h22_ref_summer       63       83      195     3145     2022 |      5508
                                     25      101      202     6289     6569 |     13186
                                     31       60      204     8067    12092 |     20454

                    SUM             272      352      878    19437    21489 |     42428
                                     OBSERVATION
                                     14        0        1       14        3 |        32
                                    149      111      283     1935      763 |      3241
          val46h1rc1_summer_v1       47       75      201     3243     1938 |      5504
                                     32      101      193     6296     6413 |     13035
                                     30       65      200     7949    12372 |     20616

                    SUM             272      352      878    19437    21489 |     42428
                                     OBSERVATION
                                     14        1        4       12        2 |        33
                                    143      102      263     1883      763 |      3154
          val46h1rc1_summer_v2       59       84      208     3223     2024 |      5598
                                     27      106      215     6189     6484 |     13021
                                     29       59      188     8130    12216 |     20622

                    SUM             272      352      878    19437    21489 |     42428

