 <pre>

 Contingency table for Visibility (m)
 Selection: METCOOP    265 stations
Period: 20220701-20220731
Used {00,06,12,18} + 03 06 ... 48
 Limits    1000.0000000000000        5000.0000000000000        10000.000000000000        20000.000000000000     
 Each class is data <= limit, the very last > last limit
 Total number of values      476815
                                     OBSERVATION
                                    746      723      757      945     1146 |      4317
                                   1286     3282     5646    10245    21615 |     42074
              43h22_ref_summer      571     1529     2215     6647    23475 |     34437
                                    971     2078     3714    14367    99188 |    120318
                                   1012     2179     3480    25295   243703 |    275669

                    SUM            4586     9791    15812    57499   389127 |    476815
                                     OBSERVATION
                                    674      640      623      791      975 |      3703
                                   1325     3296     5453     9870    20636 |     40580
          val46h1rc1_summer_v1      597     1582     2324     6428    23131 |     34062
                                    975     2048     3798    14551    96848 |    118220
                                   1015     2225     3614    25859   247537 |    280250

                    SUM            4586     9791    15812    57499   389127 |    476815
                                     OBSERVATION
                                    727      654      728      928     1141 |      4178
                                   1271     3394     5713    10612    22374 |     43364
          val46h1rc1_summer_v2      607     1515     2221     6599    23682 |     34624
                                    970     2066     3752    14502    99364 |    120654
                                   1011     2162     3398    24858   242566 |    273995

                    SUM            4586     9791    15812    57499   389127 |    476815

