 <pre>

 Contingency table for Low clouds (octas)
 Selection: Estonia     18 stations
Period: 20220701-20220731
Used {00,06,12,18} + 03 06 ... 48
 Limits    1.0000000000000000        2.0000000000000000        3.0000000000000000        4.0000000000000000        5.0000000000000000        6.0000000000000000        7.0000000000000000     
 Each class is data <= limit, the very last > last limit
 Total number of values       28283
                                              OBSERVATION
                                  11510      507      419      449      291      340      700      360 |     14576
                                    911      102      103       92       85       84      238      107 |      1722
                                    637       84       79       89       62       84      154       91 |      1280
              43h22_ref_summer      533       89       96       77       69       62      173       98 |      1197
                                    480       78       79       86       78       73      167       87 |      1128
                                    428       89       71      103       44       83      216      106 |      1140
                                    569       85      100      125      109      120      332      193 |      1633
                                   1268      248      229      344      348      360     1588     1222 |      5607

                    SUM           16336     1282     1176     1365     1086     1206     3568     2264 |     28283
                                              OBSERVATION
                                  14023      831      727      789      562      631     1431      731 |     19725
                                    266       60       52       56       52       66      143       72 |       767
                                    176       25       36       41       37       40       91       43 |       489
          val46h1rc1_summer_v1      153       30       38       45       38       35       88       47 |       474
                                    159       34       28       29       27       31       83       49 |       440
                                    190       38       34       43       27       36      100       60 |       528
                                    284       47       62       70       63       53      185      103 |       867
                                   1085      217      199      292      280      314     1447     1159 |      4993

                    SUM           16336     1282     1176     1365     1086     1206     3568     2264 |     28283
                                              OBSERVATION
                                  11303      458      420      413      264      282      684      346 |     14170
                                    937       94      104      107       87      100      191       93 |      1713
                                    606       84       61       94       71       75      154       72 |      1217
          val46h1rc1_summer_v2      511       88       78       86       67       68      157       85 |      1140
                                    493       82       76       96       61       58      159       88 |      1113
                                    498       61       84       95       82       84      217      107 |      1228
                                    587      114       99      116       93      137      309      170 |      1625
                                   1401      301      254      358      361      402     1697     1303 |      6077

                    SUM           16336     1282     1176     1365     1086     1206     3568     2264 |     28283

